0 0
1 0
2 0
3 0
4 0
5 0
6 0
7 0
8 0
9 0
10 0
11 0
12 0
13 0
14 0
15 0
16 0
17 0
18 0
19 0
20 0
21 0
22 0
23 0
24 0
25 0
26 0
27 0
28 0
29 0
30 0
31 0
32 0
33 0
34 0
35 0
36 0
37 0
38 0
39 0
40 0
41 0
42 0
43 0
44 0
45 0
46 0
47 0
48 0
49 0
50 0
51 0
52 0
53 0
54 0
55 0
56 0
57 0
58 0
59 0
60 0
61 0
62 0
63 0
64 0
65 0
66 0
67 0
68 0
69 0
70 0
71 0
72 0
73 0
74 0
75 0
76 0
77 0
78 0
79 0
80 0
81 0
82 0
83 0
84 0
85 0
86 0
87 0
88 0
89 0
90 0
91 0
92 0
93 0
94 0
95 0
96 1
97 0
98 1
99 1
100 1
101 2
102 3
103 3
104 3
105 6
106 9
107 16
108 11
109 23
110 19
111 25
112 35
113 38
114 36
115 53
116 52
117 68
118 67
119 60
120 112
121 163
122 180
123 195
124 225
125 310
126 290
127 501
128 381
129 377
130 388
131 299
132 278
133 297
134 368
135 211
136 243
137 574
138 605
139 332
140 90
141 98
142 311
143 75
144 28
145 56
146 65
147 61
148 19
149 24
150 14
151 4
152 2
153 1
154 4
155 2
156 4
157 0
158 0
159 0
160 0
161 0
162 2
163 0
164 0
165 0
166 0
167 0
168 0
169 0
170 0
171 0
172 1
173 0
174 2
175 1
176 3
177 0
178 1
179 1
180 0
181 1
182 2
183 4
184 2
185 1
186 2
187 4
188 3
189 5
190 2
191 3
192 4
193 2
194 5
195 4
196 9
197 8
198 5
199 11
200 6
201 8
202 10
203 13
204 11
205 7
206 10
207 12
208 12
209 17
210 19
211 15
212 12
213 10
214 15
215 10
216 11
217 25
218 17
219 23
220 12
221 12
222 30
223 38
224 50
225 34
226 39
227 37
228 35
229 51
230 36
231 37
232 31
233 29
234 17
235 15
236 28
237 39
238 26
239 47
240 64
241 18
242 32
243 46
244 47
245 22
246 31
247 25
248 27
249 14
250 18
251 43
252 46
253 49
254 61
255 50
256 10
257 19
258 34
259 16
260 22
261 42
262 20
263 23
264 30
265 36
266 48
267 57
268 62
269 96
270 32
271 30
272 26
273 38
274 43
275 35
276 23
277 25
278 37
279 56
280 33
281 41
282 34
283 22
284 53
285 24
286 33
287 21
288 36
289 32
290 54
291 43
292 23
293 41
294 42
295 45
296 58
297 37
298 40
299 66
300 40
301 46
302 33
303 56
304 38
305 63
306 60
307 42
308 39
309 28
310 25
311 35
312 26
313 50
314 34
315 31
316 22
317 22
318 21
319 25
320 28
321 26
322 20
323 18
324 12
325 19
326 14
327 18
328 32
329 17
330 10
331 19
332 21
333 12
334 15
335 11
336 27
337 22
338 17
339 14
340 26
341 23
342 26
343 34
344 18
345 21
346 22
347 24
348 26
349 28
350 15
351 22
352 37
353 28
354 25
355 20
356 20
357 8
358 10
359 15
360 13
361 21
362 13
363 18
364 10
365 15
366 13
367 10
368 20
369 30
370 14
371 17
372 18
373 22
374 22
375 32
376 31
377 23
378 14
379 23
380 27
381 18
382 17
383 30
384 44
385 31
386 42
387 58
388 44
389 36
390 44
391 40
392 55
393 28
394 56
395 62
396 54
397 54
398 92
399 52
400 40
401 51
402 49
403 76
404 68
405 60
406 35
407 48
408 14
409 90
410 97
411 126
412 77
413 127
414 45
415 43
416 83
417 73
418 89
419 57
420 72
421 53
422 79
423 25
424 104
425 76
426 114
427 83
428 180
429 106
430 77
431 136
432 90
433 66
434 69
435 116
436 64
437 109
438 48
439 140
440 89
441 59
442 56
443 55
444 66
445 34
446 37
447 31
448 21
449 30
450 79
451 19
452 50
453 21
454 13
455 10
456 8
457 9
458 10
459 17
460 21
461 17
462 10
463 13
464 21
465 51
466 18
467 28
468 26
469 12
470 19
471 17
472 20
473 26
474 26
475 17
476 18
477 21
478 23
479 24
480 16
481 36
482 16
483 16
484 17
485 8
486 13
487 19
488 22
489 20
490 23
491 29
492 18
493 38
494 16
495 18
496 23
497 26
498 26
499 28
500 13
501 27
502 41
503 38
504 30
505 52
506 59
507 52
508 59
509 41
510 35
511 50
512 50
513 45
514 81
515 63
516 68
517 57
518 33
519 57
520 111
521 127
522 41
523 25
524 51
525 26
526 28
527 36
528 59
529 32
530 18
531 54
532 115
533 37
534 26
535 78
536 46
537 68
538 28
539 64
540 43
541 53
542 67
543 49
544 81
545 41
546 93
547 91
548 53
549 35
550 78
551 29
552 88
553 42
554 37
555 38
556 66
557 51
558 44
559 67
560 46
561 84
562 46
563 55
564 45
565 88
566 74
567 45
568 17
569 31
570 19
571 31
572 45
573 28
574 44
575 62
576 48
577 53
578 40
579 25
580 27
581 8
582 13
583 15
584 13
585 5
586 23
587 21
588 11
589 21
590 31
591 14
592 33
593 8
594 8
595 5
596 5
597 11
598 7
599 13
600 8
601 17
602 21
603 10
604 26
605 19
606 10
607 21
608 22
609 10
610 21
611 31
612 31
613 33
614 47
615 33
616 51
617 85
618 35
619 64
620 53
621 37
622 52
623 49
624 46
625 59
626 87
627 57
628 54
629 71
630 75
631 58
632 53
633 19
634 18
635 22
636 10
637 10
638 5
639 18
640 15
641 19
642 6
643 10
644 23
645 28
646 18
647 15
648 4
649 4
650 8
651 16
652 18
653 16
654 23
655 17
656 18
657 17
658 26
659 37
660 26
661 29
662 38
663 18
664 27
665 21
666 33
667 43
668 48
669 53
670 44
671 45
672 39
673 80
674 78
675 48
676 42
677 44
678 36
679 50
680 56
681 63
682 49
683 81
684 56
685 26
686 59
687 48
688 99
689 114
690 100
691 71
692 77
693 39
694 69
695 69
696 75
697 82
698 93
699 43
700 26
701 27
702 31
703 62
704 26
705 17
706 17
707 18
708 10
709 26
710 18
711 11
712 15
713 16
714 14
715 16
716 18
717 27
718 53
719 20
720 20
721 26
722 23
723 20
724 46
725 49
726 39
727 39
728 60
729 54
730 57
731 35
732 34
733 43
734 25
735 26
736 42
737 33
738 38
739 81
740 47
741 49
742 47
743 77
744 73
745 66
746 61
747 42
748 57
749 44
750 25
751 75
752 65
753 60
754 94
755 86
756 89
757 110
758 149
759 155
760 78
761 110
762 85
763 56
764 65
765 36
766 81
767 84
768 61
769 143
770 49
771 83
772 46
773 109
774 60
775 69
776 49
777 39
778 54
779 87
780 56
781 49
782 79
783 42
784 43
785 36
786 30
787 22
788 22
789 16
790 19
791 18
792 13
793 28
794 30
795 36
796 57
797 36
798 19
799 39
800 27
801 41
802 25
803 13
804 15
805 24
806 13
807 13
808 15
809 13
810 28
811 38
812 42
813 40
814 53
815 75
816 32
817 34
818 50
819 40
820 59
821 44
822 35
823 25
824 33
825 22
826 16
827 18
828 48
829 55
830 63
831 29
832 41
833 63
834 62
835 69
836 70
837 65
838 34
839 42
840 27
841 19
842 27
843 42
844 47
845 44
846 33
847 22
848 41
849 42
850 28
851 19
852 43
853 16
854 14
855 31
856 29
857 25
858 31
859 26
860 25
861 17
862 17
863 10
864 14
865 21
866 17
867 18
868 17
869 15
870 28
871 24
872 26
873 17
874 15
875 37
876 17
877 23
878 10
879 36
880 31
881 29
882 53
883 31
884 30
885 47
886 61
887 25
888 27
889 34
890 24
891 23
892 44
893 24
894 23
895 30
896 34
897 84
898 52
899 59
900 73
901 55
902 21
903 17
904 25
905 31
906 29
907 69
908 25
909 29
910 26
911 32
912 45
913 32
914 56
915 39
916 18
917 22
918 18
919 20
920 34
921 34
922 81
923 34
924 55
925 70
926 19
927 59
928 19
929 51
930 33
931 38
932 33
933 38
934 53
935 45
936 34
937 63
938 66
939 58
940 61
941 31
942 35
943 26
944 40
945 46
946 36
947 40
948 47
949 67
950 77
951 56
952 37
953 52
954 64
955 79
956 50
957 59
958 63
959 46
960 56
961 41
962 61
963 28
964 22
965 20
966 15
967 18
968 45
969 31
970 34
971 32
972 19
973 29
974 24
975 20
976 22
977 11
978 19
979 7
980 5
981 11
982 17
983 10
984 24
985 28
986 15
987 23
988 28
989 25
990 42
991 60
992 30
993 51
994 37
995 50
996 42
997 68
998 48
999 70
1000 74
1001 99
1002 98
1003 66
1004 52
1005 57
1006 60
1007 29
1008 80
1009 54
1010 65
1011 96
1012 96
1013 112
1014 94
1015 92
1016 140
1017 112
1018 57
1019 45
1020 50
1021 61
1022 35
1023 42
1024 42
1025 33
1026 33
1027 34
1028 23
1029 28
1030 37
1031 30
1032 31
1033 29
1034 30
1035 28
1036 42
1037 17
1038 31
1039 16
1040 25
1041 25
1042 23
1043 24
1044 54
1045 46
1046 24
1047 40
1048 24
1049 23
1050 32
1051 28
1052 37
1053 46
1054 30
1055 11
1056 31
1057 50
1058 45
1059 51
1060 32
1061 34
1062 68
1063 25
1064 38
1065 32
1066 61
1067 64
1068 92
1069 67
1070 49
1071 52
1072 54
1073 98
1074 149
1075 79
1076 103
1077 125
1078 61
1079 75
1080 47
1081 84
1082 40
1083 94
1084 75
1085 73
1086 30
1087 45
1088 153
1089 160
1090 33
1091 45
1092 52
1093 26
1094 48
1095 31
1096 36
1097 20
1098 32
1099 14
1100 26
1101 9
1102 29
1103 50
1104 64
1105 14
1106 16
1107 6
1108 8
1109 13
1110 25
1111 7
1112 7
1113 5
1114 12
1115 11
1116 15
1117 15
1118 34
1119 24
1120 24
1121 8
1122 5
1123 11
1124 21
1125 42
1126 19
1127 33
1128 25
1129 23
1130 21
1131 26
1132 31
1133 59
1134 46
1135 21
1136 22
1137 24
1138 44
1139 43
1140 32
1141 47
1142 38
1143 43
1144 42
1145 37
1146 11
1147 23
1148 28
1149 17
1150 15
1151 15
1152 19
1153 10
1154 14
1155 26
1156 13
1157 12
1158 16
1159 43
1160 31
1161 36
1162 33
1163 35
1164 29
1165 39
1166 24
1167 36
1168 21
1169 21
1170 23
1171 17
1172 35
1173 38
1174 29
1175 24
1176 23
1177 23
1178 25
1179 33
1180 19
1181 23
1182 46
1183 29
1184 25
1185 22
1186 26
1187 24
1188 45
1189 25
1190 29
1191 42
1192 26
1193 28
1194 58
1195 28
1196 30
1197 37
1198 39
1199 46
1200 25
1201 33
1202 39
1203 55
1204 58
1205 47
1206 60
1207 40
1208 22
1209 73
1210 45
1211 36
1212 45
1213 77
1214 78
1215 84
1216 62
1217 70
1218 74
1219 56
1220 48
1221 26
1222 47
1223 11
1224 21
1225 45
1226 33
1227 26
1228 41
1229 70
1230 70
1231 45
1232 47
1233 30
1234 42
1235 20
1236 19
1237 25
1238 21
1239 25
1240 37
1241 25
1242 20
1243 37
1244 60
1245 35
1246 34
1247 26
1248 40
1249 19
1250 17
1251 17
1252 16
1253 11
1254 27
1255 34
1256 27
1257 39
1258 50
1259 48
1260 77
1261 60
1262 50
1263 106
1264 56
1265 64
1266 47
1267 49
1268 60
1269 96
1270 158
1271 54
1272 33
1273 51
1274 73
1275 50
1276 40
1277 36
1278 79
1279 17
1280 28
1281 52
1282 33
1283 77
1284 72
1285 75
1286 51
1287 49
1288 77
1289 46
1290 50
1291 23
1292 36
1293 58
1294 46
1295 39
1296 37
1297 25
1298 27
1299 41
1300 49
1301 27
1302 60
1303 46
1304 35
1305 55
1306 23
1307 18
1308 33
1309 36
1310 19
1311 36
1312 33
1313 39
1314 60
1315 74
1316 60
1317 84
1318 64
1319 51
1320 63
1321 32
1322 28
1323 43
1324 21
1325 24
1326 34
1327 27
1328 54
1329 58
1330 49
1331 31
1332 100
1333 79
1334 71
1335 62
1336 21
1337 16
1338 16
1339 31
1340 17
1341 51
1342 35
1343 21
1344 25
1345 21
1346 37
1347 34
1348 28
1349 39
1350 22
1351 32
1352 13
1353 26
1354 38
1355 18
1356 67
1357 30
1358 14
1359 36
1360 28
1361 28
1362 22
1363 16
1364 16
1365 17
1366 22
1367 23
1368 13
1369 25
1370 26
1371 51
1372 46
1373 41
1374 42
1375 30
1376 38
1377 33
1378 22
1379 17
1380 12
1381 26
1382 47
1383 25
1384 67
1385 71
1386 53
1387 35
1388 54
1389 58
1390 63
1391 80
1392 51
1393 41
1394 20
1395 26
1396 39
1397 35
1398 41
1399 40
1400 73
1401 38
1402 37
1403 56
1404 62
1405 93
1406 115
1407 81
1408 79
1409 48
1410 54
1411 80
1412 68
1413 106
1414 43
1415 44
1416 30
1417 43
1418 66
1419 63
1420 67
1421 57
1422 51
1423 73
1424 42
1425 20
1426 42
1427 14
1428 23
1429 5
1430 6
1431 13
1432 9
1433 12
1434 15
1435 18
1436 17
1437 18
1438 23
1439 20
1440 10
1441 21
1442 8
1443 8
1444 10
1445 8
1446 8
1447 16
1448 16
1449 20
1450 22
1451 29
1452 20
1453 27
1454 29
1455 24
1456 30
1457 16
1458 39
1459 28
1460 34
1461 36
1462 31
1463 32
1464 55
1465 47
1466 17
1467 45
1468 49
1469 81
1470 33
1471 63
1472 41
1473 77
1474 48
1475 54
1476 74
1477 47
1478 45
1479 63
1480 57
1481 50
1482 64
1483 92
1484 162
1485 88
1486 71
1487 71
1488 115
1489 44
1490 47
1491 106
1492 37
1493 39
1494 48
1495 55
1496 45
1497 25
1498 41
1499 43
1500 24
1501 4
1502 17
1503 33
1504 14
1505 37
1506 13
1507 23
1508 21
1509 30
1510 41
1511 36
1512 25
1513 26
1514 27
1515 14
1516 14
1517 14
1518 32
1519 25
1520 26
1521 19
1522 28
1523 41
1524 21
1525 22
1526 27
1527 13
1528 11
1529 28
1530 28
1531 29
1532 39
1533 31
1534 18
1535 26
1536 15
1537 31
1538 24
1539 41
1540 24
1541 30
1542 30
1543 28
1544 43
1545 25
1546 31
1547 34
1548 37
1549 29
1550 22
1551 26
1552 25
1553 15
1554 26
1555 17
1556 26
1557 29
1558 42
1559 45
1560 59
1561 46
1562 20
1563 36
1564 34
1565 35
1566 38
1567 22
1568 24
1569 52
1570 42
1571 44
1572 36
1573 31
1574 49
1575 53
1576 61
1577 44
1578 75
1579 79
1580 137
1581 125
1582 107
1583 83
1584 101
1585 66
1586 60
1587 69
1588 109
1589 39
1590 90
1591 77
1592 62
1593 100
1594 97
1595 113
1596 140
1597 67
1598 61
1599 61
1600 71
1601 30
1602 27
1603 39
1604 21
1605 56
1606 30
1607 12
1608 17
1609 14
1610 45
1611 21
1612 29
1613 36
1614 29
1615 15
1616 13
1617 13
1618 11
1619 10
1620 18
1621 13
1622 10
1623 17
1624 17
1625 33
1626 16
1627 24
1628 31
1629 24
1630 29
1631 25
1632 13
1633 16
1634 17
1635 25
1636 19
1637 17
1638 26
1639 28
1640 38
1641 42
1642 18
1643 38
1644 26
1645 44
1646 55
1647 55
1648 75
1649 63
1650 91
1651 84
1652 40
1653 39
1654 50
1655 84
1656 75
1657 48
1658 52
1659 74
1660 90
1661 102
1662 78
1663 67
1664 52
1665 28
1666 41
1667 38
1668 46
1669 29
1670 30
1671 12
1672 7
1673 10
1674 32
1675 43
1676 54
1677 46
1678 51
1679 23
1680 19
1681 44
1682 35
1683 43
1684 23
1685 15
1686 25
1687 10
1688 11
1689 37
1690 36
1691 54
1692 44
1693 34
1694 16
1695 19
1696 24
1697 27
1698 33
1699 18
1700 8
1701 15
1702 16
1703 14
1704 22
1705 22
1706 29
1707 37
1708 55
1709 29
1710 29
1711 38
1712 33
1713 30
1714 31
1715 34
1716 23
1717 26
1718 23
1719 36
1720 31
1721 46
1722 51
1723 58
1724 30
1725 74
1726 40
1727 43
1728 67
1729 58
1730 69
1731 59
1732 41
1733 60
1734 29
1735 35
1736 47
1737 25
1738 35
1739 28
1740 79
1741 51
1742 52
1743 77
1744 53
1745 77
1746 69
1747 59
1748 64
1749 54
1750 36
1751 55
1752 37
1753 40
1754 47
1755 90
1756 36
1757 67
1758 90
1759 93
1760 60
1761 135
1762 59
1763 57
1764 63
1765 47
1766 24
1767 23
1768 36
1769 32
1770 96
1771 64
1772 83
1773 88
1774 82
1775 49
1776 75
1777 46
1778 45
1779 36
1780 25
1781 26
1782 20
1783 32
1784 41
1785 33
1786 42
1787 33
1788 39
1789 28
1790 16
1791 32
1792 18
1793 18
1794 20
1795 12
1796 11
1797 12
1798 13
1799 28
1800 15
1801 17
1802 13
1803 14
1804 22
1805 8
1806 13
1807 13
1808 11
1809 24
1810 12
1811 17
1812 16
1813 13
1814 13
1815 11
1816 26
1817 14
1818 17
1819 56
1820 23
1821 34
1822 22
1823 35
1824 55
1825 26
1826 73
1827 28
1828 42
1829 22
1830 32
1831 47
1832 39
1833 41
1834 91
1835 47
1836 59
1837 65
1838 107
1839 116
1840 116
1841 131
1842 124
1843 102
1844 67
1845 111
1846 98
1847 57
1848 86
1849 123
1850 71
1851 88
1852 69
1853 61
1854 67
1855 58
1856 66
1857 92
1858 29
1859 20
1860 21
1861 13
1862 17
1863 32
1864 24
1865 31
1866 23
1867 32
1868 13
1869 19
1870 21
1871 28
1872 12
1873 10
1874 13
1875 7
1876 9
1877 10
1878 9
1879 17
1880 22
1881 14
1882 10
1883 13
1884 8
1885 12
1886 15
1887 21
1888 13
1889 15
1890 10
1891 17
1892 31
1893 27
1894 32
1895 35
1896 22
1897 21
1898 31
1899 23
1900 21
1901 43
1902 50
1903 22
1904 32
1905 46
1906 31
1907 27
1908 37
1909 39
1910 44
1911 23
1912 25
1913 25
1914 46
1915 30
1916 26
1917 19
1918 28
1919 28
1920 32
1921 16
1922 31
1923 36
1924 54
1925 49
1926 46
1927 64
1928 27
1929 48
1930 42
1931 50
1932 42
1933 34
1934 25
1935 47
1936 30
1937 50
1938 53
1939 98
1940 35
1941 63
1942 81
1943 34
1944 46
1945 21
1946 31
1947 71
1948 35
1949 30
1950 30
1951 17
1952 34
1953 33
1954 57
1955 26
1956 19
1957 20
1958 14
1959 29
1960 12
1961 14
1962 28
1963 20
1964 38
1965 31
1966 19
1967 31
1968 33
1969 55
1970 31
1971 28
1972 29
1973 26
1974 65
1975 43
1976 40
1977 23
1978 32
1979 60
1980 46
1981 42
1982 80
1983 54
1984 92
1985 64
1986 63
1987 25
1988 18
1989 40
1990 53
1991 33
1992 17
1993 23
1994 29
1995 39
1996 41
1997 73
1998 40
1999 75
2000 33
2001 30
2002 42
2003 32
2004 24
2005 70
2006 76
2007 63
2008 61
2009 78
2010 101
2011 32
2012 75
2013 79
2014 63
2015 72
2016 62
2017 32
2018 40
2019 51
2020 66
2021 134
2022 118
2023 52
2024 84
2025 147
2026 65
2027 68
2028 99
2029 90
2030 102
2031 72
2032 26
2033 25
2034 25
2035 51
2036 101
2037 100
2038 40
2039 30
2040 52
2041 31
2042 47
2043 37
2044 30
2045 18
2046 21
2047 23
2048 34
2049 29
2050 26
2051 34
2052 30
2053 18
2054 24
2055 20
2056 33
2057 40
2058 31
2059 41
2060 27
2061 15
2062 30
2063 36
2064 45
2065 40
2066 57
2067 49
2068 34
2069 17
2070 21
2071 38
2072 66
2073 44
2074 48
2075 45
2076 32
2077 34
2078 62
2079 80
2080 45
2081 61
2082 46
2083 30
2084 23
2085 33
2086 49
2087 58
2088 62
2089 40
2090 20
2091 18
2092 13
2093 35
2094 23
2095 32
2096 30
2097 12
2098 21
2099 23
2100 19
2101 23
2102 32
2103 36
2104 31
2105 19
2106 16
2107 16
2108 13
2109 16
2110 12
2111 13
2112 10
2113 7
2114 13
2115 10
2116 10
2117 16
2118 18
2119 19
2120 17
2121 14
2122 9
2123 25
2124 17
2125 22
2126 14
2127 17
2128 32
2129 37
2130 37
2131 25
2132 35
2133 33
2134 34
2135 27
2136 21
2137 20
2138 40
2139 18
2140 20
2141 39
2142 33
2143 71
2144 86
2145 63
2146 28
2147 57
2148 74
2149 32
2150 48
2151 39
2152 38
2153 78
2154 47
2155 51
2156 95
2157 85
2158 79
2159 117
2160 84
2161 79
2162 52
2163 54
2164 53
2165 39
2166 29
2167 47
2168 52
2169 42
2170 31
2171 45
2172 32
2173 101
2174 54
2175 85
2176 39
2177 55
2178 31
2179 38
2180 42
2181 28
2182 21
2183 22
2184 26
2185 47
2186 36
2187 34
2188 35
2189 24
2190 31
2191 34
2192 59
2193 52
2194 34
2195 66
2196 45
2197 30
2198 46
2199 40
2200 64
2201 78
2202 57
2203 65
2204 38
2205 86
2206 66
2207 69
2208 30
2209 57
2210 70
2211 43
2212 27
2213 42
2214 33
2215 77
2216 69
2217 44
2218 32
2219 28
2220 62
2221 44
2222 30
2223 19
2224 54
2225 38
2226 30
2227 37
2228 31
2229 35
2230 63
2231 22
2232 28
2233 25
2234 15
2235 18
2236 27
2237 29
2238 19
2239 33
2240 39
2241 29
2242 25
2243 26
2244 39
2245 78
2246 62
2247 60
2248 42
2249 35
2250 27
2251 29
2252 14
2253 14
2254 31
2255 34
2256 23
2257 41
2258 26
2259 84
2260 73
2261 68
2262 91
2263 100
2264 62
2265 39
2266 30
2267 30
2268 32
2269 30
2270 21
2271 27
2272 65
2273 47
2274 95
2275 79
2276 49
2277 104
2278 45
2279 35
2280 40
2281 18
2282 28
2283 13
2284 31
2285 34
2286 28
2287 32
2288 32
2289 72
2290 52
2291 24
2292 55
2293 32
2294 43
2295 40
2296 20
2297 34
2298 24
2299 32
2300 53
2301 43
2302 58
2303 62
2304 96
2305 39
2306 26
2307 37
2308 32
2309 41
2310 21
2311 35
2312 37
2313 16
2314 27
2315 26
2316 35
2317 25
2318 9
2319 17
2320 8
2321 21
2322 22
2323 22
2324 36
2325 22
2326 24
2327 29
2328 25
2329 32
2330 49
2331 54
2332 49
2333 32
2334 56
2335 46
2336 48
2337 27
2338 45
2339 78
2340 73
2341 54
2342 54
2343 65
2344 53
2345 82
2346 127
2347 57
2348 39
2349 56
2350 28
2351 24
2352 11
2353 24
2354 35
2355 43
2356 31
2357 56
2358 60
2359 51
2360 97
2361 80
2362 74
2363 64
2364 86
2365 36
2366 47
2367 27
2368 60
2369 45
2370 52
2371 43
2372 50
2373 33
2374 49
2375 57
2376 20
2377 26
2378 47
2379 33
2380 19
2381 7
2382 13
2383 30
2384 22
2385 18
2386 26
2387 40
2388 29
2389 30
2390 50
2391 33
2392 43
2393 41
2394 54
2395 34
2396 18
2397 15
2398 25
2399 41
2400 36
2401 26
2402 33
2403 37
2404 36
2405 42
2406 14
2407 18
2408 16
2409 19
2410 29
2411 11
2412 14
2413 20
2414 22
2415 19
2416 17
2417 26
2418 29
2419 26
2420 29
2421 9
2422 30
2423 23
2424 40
2425 60
2426 42
2427 34
2428 54
2429 51
2430 45
2431 47
2432 54
2433 44
2434 51
2435 60
2436 37
2437 47
2438 25
2439 42
2440 16
2441 13
2442 22
2443 23
2444 20
2445 46
2446 20
2447 26
2448 11
2449 36
2450 23
2451 17
2452 19
2453 22
2454 22
2455 23
2456 29
2457 26
2458 10
2459 19
2460 48
2461 39
2462 32
2463 26
2464 40
2465 63
2466 53
2467 36
2468 45
2469 42
2470 60
2471 90
2472 102
2473 67
2474 78
2475 78
2476 118
2477 93
2478 45
2479 70
2480 106
2481 95
2482 95
2483 107
2484 106
2485 77
2486 71
2487 66
2488 57
2489 67
2490 33
2491 69
2492 91
2493 27
2494 19
2495 20
2496 18
2497 20
2498 20
2499 16
2500 13
2501 15
2502 13
2503 9
2504 4
2505 12
2506 18
2507 16
2508 11
2509 8
2510 7
2511 16
2512 17
2513 9
2514 7
2515 9
2516 14
2517 7
2518 11
2519 16
2520 17
2521 18
2522 12
2523 13
2524 20
2525 21
2526 22
2527 34
2528 20
2529 20
2530 22
2531 39
2532 35
2533 44
2534 58
2535 46
2536 64
2537 46
2538 47
2539 71
2540 105
2541 52
2542 92
2543 55
2544 59
2545 88
2546 66
2547 99
2548 88
2549 48
2550 70
2551 113
2552 83
2553 65
2554 107
2555 108
2556 54
2557 68
2558 51
2559 64
2560 111
2561 51
2562 102
2563 101
2564 79
2565 91
2566 77
2567 91
2568 45
2569 53
2570 39
2571 34
2572 36
2573 44
2574 38
2575 50
2576 33
2577 55
2578 43
2579 24
2580 32
2581 33
2582 66
2583 39
2584 54
2585 55
2586 25
2587 49
2588 32
2589 27
2590 27
2591 19
2592 29
2593 22
2594 19
2595 12
2596 28
2597 23
2598 32
2599 25
2600 29
2601 14
2602 39
2603 52
2604 56
2605 47
2606 55
2607 37
2608 34
2609 51
2610 51
2611 44
2612 37
2613 44
2614 71
2615 34
2616 28
2617 36
2618 63
2619 53
2620 48
2621 25
2622 33
2623 19
2624 37
2625 45
2626 54
2627 33
2628 29
2629 31
2630 28
2631 23
2632 26
2633 28
2634 28
2635 24
2636 30
2637 26
2638 31
2639 49
2640 48
2641 49
2642 48
2643 43
2644 25
2645 14
2646 26
2647 30
2648 28
2649 34
2650 30
2651 44
2652 44
2653 30
2654 31
2655 32
2656 23
2657 39
2658 60
2659 40
2660 26
2661 62
2662 73
2663 27
2664 69
2665 35
2666 15
2667 28
2668 26
2669 31
2670 33
2671 47
2672 32
2673 52
2674 40
2675 54
2676 84
2677 81
2678 44
2679 84
2680 50
2681 35
2682 39
2683 35
2684 60
2685 27
2686 74
2687 47
2688 69
2689 44
2690 31
2691 30
2692 50
2693 21
2694 34
2695 34
2696 27
2697 18
2698 21
2699 19
2700 16
2701 14
2702 22
2703 8
2704 14
2705 9
2706 11
2707 16
2708 8
2709 14
2710 11
2711 22
2712 28
2713 11
2714 11
2715 26
2716 16
2717 14
2718 21
2719 23
2720 17
2721 25
2722 21
2723 21
2724 37
2725 33
2726 47
2727 29
2728 30
2729 18
2730 17
2731 41
2732 38
2733 42
2734 32
2735 41
2736 33
2737 32
2738 38
2739 51
2740 89
2741 63
2742 26
2743 25
2744 34
2745 42
2746 56
2747 28
2748 48
2749 44
2750 19
2751 24
2752 17
2753 41
2754 38
2755 75
2756 110
2757 52
2758 61
2759 43
2760 69
2761 74
2762 47
2763 54
2764 55
2765 26
2766 35
2767 30
2768 67
2769 40
2770 40
2771 92
2772 36
2773 17
2774 22
2775 13
2776 13
2777 14
2778 25
2779 31
2780 26
2781 19
2782 21
2783 21
2784 17
2785 25
2786 43
2787 43
2788 28
2789 42
2790 25
2791 44
2792 39
2793 47
2794 40
2795 52
2796 50
2797 69
2798 76
2799 53
2800 82
2801 68
2802 59
2803 47
2804 113
2805 35
2806 67
2807 94
2808 55
2809 68
2810 46
2811 51
2812 41
2813 82
2814 54
2815 41
2816 57
2817 61
2818 30
2819 77
2820 42
2821 42
2822 51
2823 30
2824 19
2825 22
2826 26
2827 22
2828 49
2829 24
2830 48
2831 44
2832 32
2833 49
2834 72
2835 70
2836 86
2837 58
2838 32
2839 34
2840 52
2841 104
2842 68
2843 151
2844 69
2845 69
2846 50
2847 36
2848 56
2849 127
2850 78
2851 57
2852 58
2853 52
2854 90
2855 80
2856 136
2857 109
2858 46
2859 37
2860 35
2861 53
2862 26
2863 18
2864 20
2865 37
2866 31
2867 42
2868 44
2869 22
2870 36
2871 28
2872 10
2873 9
2874 12
2875 35
2876 40
2877 21
2878 15
2879 21
2880 17
2881 30
2882 39
2883 52
2884 44
2885 22
2886 37
2887 27
2888 23
2889 48
2890 62
2891 61
2892 38
2893 39
2894 40
2895 44
2896 38
2897 60
2898 55
2899 59
2900 30
2901 65
2902 69
2903 37
2904 91
2905 32
2906 49
2907 26
2908 50
2909 57
2910 35
2911 34
2912 73
2913 79
2914 116
2915 68
2916 92
2917 82
2918 47
2919 61
2920 41
2921 34
2922 33
2923 41
2924 61
2925 53
2926 63
2927 68
2928 33
2929 40
2930 26
2931 19
2932 24
2933 25
2934 14
2935 12
2936 11
2937 15
2938 30
2939 25
2940 18
2941 17
2942 24
2943 15
2944 15
2945 7
2946 7
2947 13
2948 7
2949 5
2950 9
2951 8
2952 9
2953 20
2954 19
2955 10
2956 25
2957 21
2958 24
2959 24
2960 18
2961 22
2962 20
2963 17
2964 20
2965 16
2966 26
2967 26
2968 47
2969 36
2970 34
2971 39
2972 46
2973 66
2974 87
2975 62
2976 43
2977 51
2978 82
2979 99
2980 64
2981 52
2982 79
2983 107
2984 76
2985 43
2986 56
2987 66
2988 119
2989 160
2990 157
2991 67
2992 73
2993 87
2994 65
2995 49
2996 45
2997 50
2998 55
2999 68
3000 21
3001 46
3002 16
3003 17
3004 19
3005 10
3006 18
3007 11
3008 8
3009 9
3010 13
3011 8
3012 9
3013 5
3014 2
3015 6
3016 14
3017 2
3018 4
3019 17
3020 4
3021 7
3022 13
3023 10
3024 11
3025 7
3026 12
3027 8
3028 9
3029 11
3030 17
3031 14
3032 14
3033 20
3034 20
3035 22
3036 31
3037 21
3038 25
3039 40
3040 34
3041 13
3042 23
3043 20
3044 12
3045 23
3046 23
3047 20
3048 33
3049 30
3050 40
3051 17
3052 25
3053 22
3054 16
3055 24
3056 19
3057 22
3058 48
3059 33
3060 51
3061 24
3062 43
3063 36
3064 38
3065 21
3066 25
3067 35
3068 61
3069 50
3070 73
3071 32
3072 35
3073 53
3074 74
3075 56
3076 54
3077 45
3078 43
3079 63
3080 40
3081 67
3082 77
3083 107
3084 57
3085 40
3086 36
3087 27
3088 46
3089 46
3090 34
3091 33
3092 16
3093 22
3094 28
3095 16
3096 36
3097 23
3098 27
3099 21
3100 17
3101 19
3102 20
3103 11
3104 26
3105 26
3106 29
3107 31
3108 74
3109 28
3110 21
3111 42
3112 26
3113 31
3114 29
3115 34
3116 39
3117 52
3118 23
3119 27
3120 29
3121 22
3122 24
3123 60
3124 30
3125 58
3126 42
3127 37
3128 24
3129 41
3130 63
3131 40
3132 46
3133 20
3134 49
3135 24
3136 23
3137 24
3138 19
3139 20
3140 28
3141 35
3142 37
3143 15
3144 18
3145 36
3146 27
3147 32
3148 21
3149 49
3150 35
3151 65
3152 56
3153 42
3154 38
3155 59
3156 110
3157 75
3158 46
3159 87
3160 95
3161 91
3162 124
3163 97
3164 234
3165 183
3166 207
3167 71
3168 75
3169 89
3170 125
3171 79
3172 52
3173 26
3174 47
3175 97
3176 109
3177 54
3178 49
3179 65
3180 27
3181 61
3182 31
3183 67
3184 58
3185 26
3186 11
3187 19
3188 16
3189 23
3190 38
3191 21
3192 29
3193 32
3194 27
3195 11
3196 22
3197 18
3198 20
3199 16
3200 12
3201 13
3202 20
3203 21
3204 20
3205 27
3206 22
3207 39
3208 32
3209 34
3210 22
3211 22
3212 21
3213 25
3214 22
3215 24
3216 20
3217 49
3218 59
3219 40
3220 46
3221 45
3222 97
3223 87
3224 96
3225 61
3226 72
3227 101
3228 37
3229 43
3230 65
3231 85
3232 99
3233 160
3234 61
3235 42
3236 54
3237 60
3238 58
3239 95
3240 42
3241 37
3242 64
3243 48
3244 34
3245 28
3246 18
3247 14
3248 22
3249 23
3250 20
3251 32
3252 30
3253 29
3254 27
3255 18
3256 20
3257 20
3258 41
3259 28
3260 22
3261 15
3262 17
3263 28
3264 18
3265 29
3266 28
3267 32
3268 19
3269 44
3270 38
3271 10
3272 12
3273 39
3274 29
3275 28
3276 46
3277 29
3278 40
3279 36
3280 50
3281 38
3282 64
3283 41
3284 55
3285 62
3286 35
3287 32
3288 54
3289 51
3290 49
3291 45
3292 28
3293 28
3294 29
3295 53
3296 77
3297 65
3298 48
3299 38
3300 107
3301 58
3302 41
3303 34
3304 41
3305 38
3306 28
3307 19
3308 21
3309 33
3310 63
3311 66
3312 54
3313 49
3314 37
3315 58
3316 62
3317 43
3318 19
3319 36
3320 26
3321 19
3322 25
3323 33
3324 27
3325 59
3326 24
3327 19
3328 11
3329 11
3330 19
3331 25
3332 32
3333 34
3334 20
3335 31
3336 36
3337 20
3338 21
3339 28
3340 40
3341 5
3342 14
3343 13
3344 13
3345 16
3346 30
3347 14
3348 27
3349 17
3350 24
3351 22
3352 19
3353 18
3354 9
3355 20
3356 7
3357 16
3358 19
3359 16
3360 16
3361 29
3362 26
3363 21
3364 17
3365 21
3366 19
3367 22
3368 25
3369 21
3370 16
3371 29
3372 27
3373 19
3374 31
3375 18
3376 48
3377 33
3378 29
3379 38
3380 32
3381 25
3382 38
3383 27
3384 34
3385 25
3386 47
3387 70
3388 50
3389 68
3390 66
3391 86
3392 58
3393 35
3394 29
3395 19
3396 32
3397 58
3398 65
3399 16
3400 46
3401 55
3402 50
3403 49
3404 62
3405 51
3406 34
3407 41
3408 35
3409 42
3410 53
3411 63
3412 61
3413 81
3414 57
3415 63
3416 69
3417 43
3418 48
3419 82
3420 44
3421 96
3422 42
3423 35
3424 63
3425 87
3426 87
3427 60
3428 87
3429 63
3430 66
3431 47
3432 53
3433 57
3434 94
3435 78
3436 81
3437 56
3438 49
3439 71
3440 53
3441 35
3442 33
3443 67
3444 25
3445 29
3446 27
3447 26
3448 40
3449 35
3450 53
3451 37
3452 22
3453 35
3454 35
3455 26
3456 17
3457 34
3458 43
3459 29
3460 28
3461 13
3462 11
3463 25
3464 18
3465 58
3466 28
3467 26
3468 46
3469 41
3470 41
3471 65
3472 48
3473 38
3474 29
3475 35
3476 27
3477 47
3478 50
3479 47
3480 63
3481 80
3482 72
3483 88
3484 79
3485 58
3486 56
3487 86
3488 103
3489 53
3490 55
3491 38
3492 77
3493 99
3494 102
3495 50
3496 118
3497 50
3498 26
3499 64
3500 28
3501 39
3502 49
3503 82
3504 31
3505 45
3506 19
3507 64
3508 130
3509 127
3510 62
3511 83
3512 35
3513 44
3514 63
3515 25
3516 40
3517 77
3518 71
3519 40
3520 29
3521 31
3522 33
3523 41
3524 44
3525 33
3526 22
3527 14
3528 20
3529 33
3530 21
3531 37
3532 42
3533 56
3534 65
3535 33
3536 16
3537 18
3538 20
3539 33
3540 29
3541 22
3542 40
3543 23
3544 30
3545 35
3546 28
3547 48
3548 82
3549 66
3550 75
3551 52
3552 35
3553 45
3554 58
3555 60
3556 51
3557 85
3558 47
3559 63
3560 54
3561 42
3562 49
3563 60
3564 47
3565 40
3566 50
3567 29
3568 66
3569 37
3570 37
3571 21
3572 36
3573 27
3574 31
3575 15
3576 18
3577 14
3578 22
3579 23
3580 16
3581 13
3582 15
3583 28
3584 9
3585 1
3586 2
3587 6
3588 16
3589 10
3590 8
3591 3
3592 5
3593 9
3594 3
3595 7
3596 7
3597 3
3598 13
3599 9
3600 9
3601 8
3602 11
3603 16
3604 30
3605 34
3606 22
3607 31
3608 23
3609 26
3610 43
3611 26
3612 21
3613 51
3614 36
3615 38
3616 51
3617 51
3618 53
3619 113
3620 88
3621 66
3622 38
3623 25
3624 11
3625 23
3626 23
3627 22
3628 73
3629 55
3630 76
3631 62
3632 94
3633 59
3634 35
3635 24
3636 26
3637 19
3638 13
3639 19
3640 16
3641 25
3642 19
3643 36
3644 14
3645 9
3646 25
3647 34
3648 14
3649 9
3650 18
3651 16
3652 20
3653 19
3654 16
3655 16
3656 19
3657 15
3658 16
3659 14
3660 20
3661 9
3662 15
3663 19
3664 15
3665 23
3666 18
3667 32
3668 33
3669 29
3670 23
3671 19
3672 26
3673 24
3674 25
3675 30
3676 28
3677 47
3678 34
3679 26
3680 79
3681 92
3682 62
3683 37
3684 29
3685 41
3686 35
3687 22
3688 50
3689 40
3690 38
3691 26
3692 36
3693 47
3694 57
3695 36
3696 66
3697 80
3698 78
3699 89
3700 79
3701 84
3702 89
3703 98
3704 115
3705 110
3706 62
3707 108
3708 100
3709 67
3710 44
3711 70
3712 153
3713 128
3714 78
3715 84
3716 76
3717 24
3718 53
3719 64
3720 43
3721 28
3722 53
3723 46
3724 49
3725 42
3726 64
3727 76
3728 79
3729 58
3730 56
3731 86
3732 25
3733 60
3734 37
3735 29
3736 18
3737 19
3738 32
3739 61
3740 50
3741 68
3742 53
3743 112
3744 41
3745 45
3746 75
3747 33
3748 32
3749 25
3750 12
3751 15
3752 29
3753 24
3754 27
3755 40
3756 60
3757 56
3758 13
3759 16
3760 23
3761 39
3762 11
3763 13
3764 8
3765 12
3766 18
3767 22
3768 19
3769 19
3770 35
3771 51
3772 23
3773 13
3774 17
3775 27
3776 31
3777 29
3778 20
3779 22
3780 30
3781 49
3782 30
3783 33
3784 28
3785 24
3786 33
3787 48
3788 31
3789 43
3790 55
3791 25
3792 37
3793 23
3794 5
3795 17
3796 45
3797 46
3798 33
3799 47
3800 29
3801 33
3802 36
3803 33
3804 40
3805 35
3806 16
3807 34
3808 30
3809 24
3810 29
3811 44
3812 34
3813 31
3814 44
3815 61
3816 26
3817 39
3818 35
3819 31
3820 39
3821 13
3822 32
3823 55
3824 54
3825 49
3826 63
3827 51
3828 28
3829 28
3830 31
3831 28
3832 37
3833 24
3834 49
3835 46
3836 34
3837 59
3838 87
3839 83
3840 58
3841 73
3842 77
3843 92
3844 40
3845 66
3846 66
3847 72
3848 70
3849 53
3850 84
3851 102
3852 67
3853 75
3854 84
3855 40
3856 41
3857 58
3858 53
3859 48
3860 36
3861 73
3862 88
3863 72
3864 66
3865 50
3866 32
3867 32
3868 29
3869 28
3870 23
3871 25
3872 27
3873 20
3874 24
3875 37
3876 31
3877 41
3878 31
3879 31
3880 37
3881 18
3882 33
3883 33
3884 34
3885 29
3886 22
3887 34
3888 16
3889 13
3890 23
3891 17
3892 20
3893 31
3894 26
3895 35
3896 43
3897 25
3898 16
3899 11
3900 18
3901 19
3902 14
3903 8
3904 15
3905 22
3906 22
3907 20
3908 25
3909 16
3910 26
3911 22
3912 28
3913 18
3914 25
3915 38
3916 9
3917 25
3918 26
3919 45
3920 42
3921 43
3922 44
3923 57
3924 51
3925 50
3926 44
3927 16
3928 22
3929 28
3930 36
3931 13
3932 36
3933 51
3934 50
3935 82
3936 42
3937 31
3938 44
3939 38
3940 61
3941 39
3942 44
3943 47
3944 73
3945 78
3946 41
3947 74
3948 30
3949 25
3950 38
3951 24
3952 33
3953 35
3954 46
3955 41
3956 61
3957 62
3958 41
3959 80
3960 66
3961 53
3962 56
3963 22
3964 50
3965 30
3966 25
3967 31
3968 21
3969 25
3970 38
3971 25
3972 60
3973 80
3974 59
3975 80
3976 82
3977 70
3978 33
3979 46
3980 25
3981 24
3982 30
3983 33
3984 36
3985 39
3986 38
3987 48
3988 91
3989 83
3990 35
3991 56
3992 53
3993 55
3994 43
3995 23
3996 36
3997 42
3998 36
3999 29
4000 35
4001 37
4002 48
4003 42
4004 51
4005 28
4006 36
4007 23
4008 59
4009 48
4010 28
4011 40
4012 48
4013 40
4014 56
4015 61
4016 17
4017 27
4018 21
4019 70
4020 37
4021 61
4022 45
4023 17
4024 20
4025 30
4026 39
4027 20
4028 30
4029 71
4030 32
4031 8
4032 35
4033 12
4034 17
4035 18
4036 27
4037 14
4038 10
4039 9
4040 5
4041 15
4042 7
4043 19
4044 25
4045 19
4046 22
4047 54
4048 34
4049 39
4050 33
4051 24
4052 34
4053 21
4054 27
4055 29
4056 57
4057 35
4058 50
4059 49
4060 51
4061 40
4062 90
4063 38
4064 69
4065 53
4066 50
4067 80
4068 37
4069 36
4070 26
4071 51
4072 52
4073 56
4074 48
4075 121
4076 110
4077 87
4078 32
4079 61
4080 34
4081 47
4082 65
4083 61
4084 87
4085 69
4086 62
4087 51
4088 55
4089 47
4090 44
4091 79
4092 51
4093 41
4094 47
4095 46
4096 73
4097 101
4098 53
4099 53
4100 79
4101 18
4102 20
4103 17
4104 29
4105 27
4106 14
4107 25
4108 17
4109 12
4110 24
4111 56
4112 51
4113 34
4114 22
4115 22
4116 11
4117 13
4118 12
4119 6
4120 17
4121 12
4122 8
4123 9
4124 12
4125 11
4126 26
4127 32
4128 32
4129 27
4130 21
4131 16
4132 36
4133 35
4134 10
4135 38
4136 26
4137 33
4138 52
4139 46
4140 29
4141 46
4142 80
4143 39
4144 44
4145 64
4146 25
4147 79
4148 61
4149 32
4150 51
4151 53
4152 66
4153 41
4154 86
4155 79
4156 100
4157 100
4158 75
4159 72
4160 67
4161 62
4162 33
4163 25
4164 18
4165 13
4166 22
4167 28
4168 25
4169 19
4170 10
4171 19
4172 12
4173 15
4174 11
4175 11
4176 11
4177 11
4178 10
4179 5
4180 11
4181 25
4182 13
4183 19
4184 13
4185 15
4186 15
4187 14
4188 12
4189 11
4190 24
4191 26
4192 23
4193 31
4194 25
4195 21
4196 31
4197 30
4198 29
4199 38
4200 45
4201 33
4202 36
4203 42
4204 37
4205 59
4206 63
4207 37
4208 67
4209 52
4210 35
4211 29
4212 21
4213 47
4214 83
4215 55
4216 35
4217 53
4218 80
4219 72
4220 96
4221 55
4222 39
4223 72
4224 41
4225 25
4226 40
4227 43
4228 64
4229 59
4230 79
4231 63
4232 38
4233 106
4234 66
4235 42
4236 36
4237 59
4238 58
4239 31
4240 33
4241 32
4242 59
4243 78
4244 86
4245 77
4246 75
4247 40
4248 81
4249 66
4250 44
4251 64
4252 54
4253 26
4254 16
4255 34
4256 19
4257 37
4258 31
4259 41
4260 53
4261 52
4262 58
4263 52
4264 46
4265 75
4266 57
4267 66
4268 21
4269 25
4270 37
4271 25
4272 62
4273 84
4274 51
4275 55
4276 20
4277 18
4278 20
4279 20
4280 53
4281 33
4282 15
4283 21
4284 14
4285 24
4286 19
4287 29
4288 50
4289 32
4290 43
4291 14
4292 22
4293 27
4294 25
4295 44
4296 45
4297 27
4298 23
4299 28
4300 45
4301 33
4302 27
4303 60
4304 58
4305 47
4306 42
4307 48
4308 37
4309 28
4310 54
4311 60
4312 27
4313 49
4314 41
4315 65
4316 41
4317 30
4318 42
4319 42
4320 37
4321 27
4322 56
4323 47
4324 34
4325 50
4326 133
4327 46
4328 69
4329 62
4330 93
4331 65
4332 24
4333 37
4334 100
4335 79
4336 57
4337 54
4338 63
4339 55
4340 45
4341 57
4342 29
4343 44
4344 62
4345 61
4346 42
4347 47
4348 32
4349 93
4350 73
4351 52
4352 52
4353 16
4354 28
4355 28
4356 7
4357 15
4358 25
4359 31
4360 27
4361 27
4362 43
4363 39
4364 55
4365 44
4366 19
4367 17
4368 27
4369 22
4370 30
4371 18
4372 15
4373 19
4374 45
4375 51
4376 46
4377 86
4378 57
4379 90
4380 71
4381 38
4382 29
4383 47
4384 60
4385 40
4386 23
4387 26
4388 26
4389 26
4390 26
4391 33
4392 43
4393 52
4394 34
4395 18
4396 32
4397 21
4398 8
4399 29
4400 26
4401 13
4402 18
4403 30
4404 29
4405 18
4406 27
4407 25
4408 18
4409 23
4410 9
4411 17
4412 14
4413 17
4414 13
4415 22
4416 10
4417 16
4418 46
4419 44
4420 37
4421 79
4422 36
4423 19
4424 22
4425 23
4426 22
4427 37
4428 55
4429 36
4430 58
4431 41
4432 53
4433 61
4434 55
4435 96
4436 51
4437 42
4438 15
4439 35
4440 47
4441 23
4442 39
4443 42
4444 49
4445 31
4446 19
4447 36
4448 49
4449 25
4450 26
4451 23
4452 23
4453 21
4454 31
4455 25
4456 27
4457 38
4458 34
4459 26
4460 33
4461 15
4462 55
4463 29
4464 24
4465 12
4466 21
4467 11
4468 9
4469 20
4470 9
4471 21
4472 21
4473 19
4474 14
4475 10
4476 8
4477 6
4478 7
4479 13
4480 6
4481 26
4482 16
4483 16
4484 27
4485 21
4486 36
4487 47
4488 43
4489 27
4490 30
4491 51
4492 26
4493 34
4494 44
4495 56
4496 84
4497 86
4498 102
4499 93
4500 50
4501 60
4502 66
4503 73
4504 48
4505 93
4506 143
4507 73
4508 96
4509 97
4510 83
4511 36
4512 74
4513 90
4514 71
4515 51
4516 66
4517 37
4518 60
4519 26
4520 79
4521 104
4522 39
4523 53
4524 34
4525 35
4526 8
4527 22
4528 25
4529 40
4530 40
4531 19
4532 8
4533 15
4534 8
4535 22
4536 35
4537 13
4538 32
4539 36
4540 39
4541 6
4542 13
4543 18
4544 32
4545 40
4546 35
4547 20
4548 48
4549 39
4550 67
4551 60
4552 51
4553 48
4554 45
4555 74
4556 36
4557 56
4558 99
4559 123
4560 101
4561 43
4562 61
4563 80
4564 49
4565 89
4566 125
4567 81
4568 105
4569 69
4570 91
4571 96
4572 52
4573 68
4574 69
4575 101
4576 28
4577 49
4578 49
4579 36
4580 46
4581 94
4582 64
4583 99
4584 75
4585 49
4586 48
4587 40
4588 22
4589 38
4590 26
4591 14
4592 32
4593 20
4594 32
4595 31
4596 26
4597 25
4598 20
4599 24
4600 11
4601 13
4602 20
4603 13
4604 17
4605 26
4606 16
4607 18
4608 32
4609 28
4610 22
4611 17
4612 29
4613 35
4614 18
4615 21
4616 36
4617 51
4618 55
4619 45
4620 68
4621 49
4622 41
4623 33
4624 29
4625 20
4626 18
4627 47
4628 34
4629 41
4630 85
4631 50
4632 54
4633 32
4634 21
4635 27
4636 18
4637 15
4638 33
4639 31
4640 13
4641 27
4642 14
4643 8
4644 22
4645 31
4646 23
4647 28
4648 15
4649 18
4650 24
4651 31
4652 38
4653 38
4654 39
4655 38
4656 41
4657 42
4658 28
4659 39
4660 88
4661 32
4662 42
4663 22
4664 38
4665 49
4666 79
4667 71
4668 86
4669 49
4670 61
4671 56
4672 62
4673 44
4674 35
4675 49
4676 52
4677 40
4678 21
4679 24
4680 50
4681 55
4682 90
4683 42
4684 18
4685 23
4686 16
4687 22
4688 21
4689 12
4690 19
4691 29
4692 12
4693 11
4694 27
4695 31
4696 29
4697 24
4698 17
4699 26
4700 35
4701 17
4702 25
4703 28
4704 37
4705 41
4706 39
4707 45
4708 37
4709 68
4710 59
4711 51
4712 33
4713 55
4714 67
4715 73
4716 39
4717 83
4718 40
4719 99
4720 61
4721 67
4722 61
4723 76
4724 66
4725 73
4726 59
4727 28
4728 34
4729 58
4730 48
4731 47
4732 43
4733 32
4734 41
4735 23
4736 23
4737 12
4738 24
4739 14
4740 15
4741 5
4742 11
4743 19
4744 27
4745 21
4746 14
4747 29
4748 23
4749 31
4750 21
4751 18
4752 16
4753 27
4754 37
4755 15
4756 7
4757 8
4758 14
4759 13
4760 16
4761 11
4762 17
4763 16
4764 26
4765 8
4766 20
4767 17
4768 15
4769 25
4770 36
4771 12
4772 24
4773 31
4774 40
4775 44
4776 25
4777 25
4778 38
4779 54
4780 27
4781 35
4782 23
4783 38
4784 44
4785 27
4786 11
4787 23
4788 59
4789 47
4790 32
4791 32
4792 64
4793 53
4794 93
4795 74
4796 73
4797 63
4798 74
4799 44
4800 49
4801 29
4802 52
4803 49
4804 77
4805 84
4806 107
4807 113
4808 74
4809 56
4810 41
4811 39
4812 39
4813 46
4814 35
4815 54
4816 43
4817 72
4818 36
4819 75
4820 42
4821 102
4822 26
4823 35
4824 35
4825 29
4826 26
4827 18
4828 17
4829 11
4830 16
4831 23
4832 18
4833 18
4834 13
4835 18
4836 20
4837 11
4838 11
4839 34
4840 32
4841 24
4842 22
4843 29
4844 24
4845 39
4846 31
4847 41
4848 27
4849 34
4850 23
4851 29
4852 20
4853 11
4854 43
4855 37
4856 37
4857 67
4858 54
4859 48
4860 74
4861 94
4862 54
4863 69
4864 126
4865 38
4866 75
4867 90
4868 56
4869 129
4870 111
4871 76
4872 101
4873 93
4874 149
4875 252
4876 274
4877 105
4878 74
4879 118
4880 63
4881 43
4882 43
4883 32
4884 39
4885 85
4886 45
4887 54
4888 62
4889 46
4890 36
4891 81
4892 27
4893 23
4894 18
4895 12
4896 19
4897 14
4898 9
4899 19
4900 11
4901 2
4902 11
4903 13
4904 9
4905 22
4906 33
4907 15
4908 18
4909 15
4910 11
4911 19
4912 12
4913 13
4914 11
4915 22
4916 13
4917 19
4918 21
4919 17
4920 24
4921 35
4922 31
4923 30
4924 31
4925 23
4926 47
4927 21
4928 26
4929 25
4930 38
4931 28
4932 43
4933 48
4934 42
4935 49
4936 43
4937 24
4938 29
4939 32
4940 34
4941 68
4942 44
4943 51
4944 58
4945 66
4946 49
4947 56
4948 38
4949 44
4950 33
4951 43
4952 52
4953 63
4954 25
4955 23
4956 22
4957 22
4958 38
4959 24
4960 22
4961 22
4962 55
4963 40
4964 29
4965 16
4966 23
4967 25
4968 17
4969 16
4970 15
4971 18
4972 15
4973 24
4974 36
4975 23
4976 30
4977 20
4978 20
4979 24
4980 19
4981 13
4982 28
4983 28
4984 34
4985 28
4986 42
4987 41
4988 55
4989 32
4990 16
4991 41
4992 58
4993 54
4994 57
4995 39
4996 47
4997 37
4998 58
4999 64
5000 51
5001 45
5002 100
5003 95
5004 40
5005 23
5006 53
5007 100
5008 70
5009 98
5010 79
5011 53
5012 38
5013 41
5014 77
5015 21
5016 35
5017 31
5018 36
5019 35
5020 13
5021 19
5022 37
5023 33
5024 30
5025 52
5026 15
5027 35
5028 75
5029 69
5030 39
5031 52
5032 57
5033 67
5034 65
5035 34
5036 34
5037 35
5038 21
5039 40
5040 52
5041 21
5042 54
5043 32
5044 31
5045 24
5046 27
5047 59
5048 63
5049 44
5050 33
5051 27
5052 19
5053 22
5054 35
5055 58
5056 24
5057 50
5058 20
5059 36
5060 27
5061 30
5062 30
5063 68
5064 85
5065 30
5066 33
5067 25
5068 15
5069 58
5070 42
5071 21
5072 62
5073 51
5074 38
5075 40
5076 39
5077 42
5078 67
5079 73
5080 45
5081 51
5082 58
5083 36
5084 66
5085 29
5086 36
5087 82
5088 54
5089 34
5090 46
5091 51
5092 71
5093 70
5094 21
5095 50
5096 39
5097 45
5098 46
5099 50
5100 31
5101 45
5102 109
5103 79
5104 72
5105 48
5106 69
5107 61
5108 54
5109 26
5110 77
5111 45
5112 50
5113 26
5114 38
5115 34
5116 43
5117 99
5118 39
5119 41
5120 45
5121 74
5122 74
5123 75
5124 50
5125 76
5126 80
5127 80
5128 80
5129 49
5130 26
5131 34
5132 71
5133 70
5134 69
5135 19
5136 54
5137 42
5138 42
5139 34
5140 46
5141 44
5142 19
5143 24
5144 37
5145 30
5146 50
5147 118
5148 70
5149 64
5150 38
5151 38
5152 56
5153 76
5154 35
5155 54
5156 44
5157 38
5158 38
5159 51
5160 41
5161 76
5162 40
5163 65
5164 31
5165 28
5166 31
5167 35
5168 34
5169 10
5170 49
5171 41
5172 42
5173 27
5174 41
5175 25
5176 17
5177 10
5178 21
5179 13
5180 30
5181 29
5182 41
5183 24
5184 14
5185 52
5186 5
5187 28
5188 18
5189 21
5190 8
5191 18
5192 10
5193 16
5194 28
5195 14
5196 21
5197 24
5198 25
5199 18
5200 30
5201 8
5202 32
5203 39
5204 48
5205 40
5206 57
5207 43
5208 35
5209 31
5210 28
5211 38
5212 36
5213 54
5214 47
5215 49
5216 35
5217 50
5218 31
5219 45
5220 41
5221 27
5222 20
5223 25
5224 18
5225 20
5226 40
5227 45
5228 40
5229 24
5230 44
5231 42
5232 45
5233 49
5234 47
5235 21
5236 35
5237 30
5238 40
5239 45
5240 63
5241 42
5242 56
5243 58
5244 40
5245 78
5246 26
5247 27
5248 28
5249 30
5250 16
5251 24
5252 19
5253 32
5254 15
5255 20
5256 23
5257 36
5258 64
5259 32
5260 24
5261 11
5262 18
5263 9
5264 14
5265 9
5266 11
5267 16
5268 12
5269 10
5270 16
5271 24
5272 38
5273 29
5274 15
5275 11
5276 18
5277 18
5278 16
5279 21
5280 24
5281 30
5282 51
5283 44
5284 24
5285 36
5286 48
5287 59
5288 86
5289 58
5290 61
5291 62
5292 44
5293 56
5294 52
5295 82
5296 83
5297 64
5298 52
5299 82
5300 86
5301 97
5302 116
5303 140
5304 134
5305 82
5306 99
5307 50
5308 74
5309 52
5310 116
5311 66
5312 59
5313 33
5314 43
5315 47
5316 104
5317 63
5318 59
5319 69
5320 64
5321 28
5322 17
5323 35
5324 14
5325 23
5326 23
5327 19
5328 17
5329 8
5330 11
5331 26
5332 4
5333 26
5334 19
5335 36
5336 4
5337 10
5338 17
5339 16
5340 34
5341 18
5342 7
5343 11
5344 8
5345 15
5346 24
5347 14
5348 10
5349 13
5350 21
5351 9
5352 27
5353 30
5354 18
5355 30
5356 40
5357 26
5358 42
5359 44
5360 49
5361 68
5362 38
5363 35
5364 42
5365 46
5366 51
5367 81
5368 61
5369 64
5370 52
5371 34
5372 36
5373 74
5374 28
5375 17
5376 21
5377 30
5378 43
5379 48
5380 58
5381 56
5382 39
5383 64
5384 72
5385 66
5386 59
5387 42
5388 56
5389 44
5390 35
5391 36
5392 36
5393 22
5394 28
5395 26
5396 55
5397 30
5398 63
5399 31
5400 55
5401 54
5402 59
5403 55
5404 32
5405 10
5406 35
5407 47
5408 28
5409 26
5410 61
5411 82
5412 56
5413 65
5414 56
5415 40
5416 38
5417 40
5418 42
5419 49
5420 34
5421 65
5422 37
5423 31
5424 25
5425 78
5426 70
5427 53
5428 22
5429 12
5430 17
5431 28
5432 20
5433 23
5434 12
5435 27
5436 20
5437 21
5438 12
5439 14
5440 18
5441 45
5442 28
5443 31
5444 20
5445 27
5446 39
5447 16
5448 33
5449 29
5450 68
5451 66
5452 60
5453 51
5454 33
5455 33
5456 45
5457 51
5458 39
5459 49
5460 27
5461 38
5462 19
5463 38
5464 27
5465 46
5466 24
5467 14
5468 27
5469 33
5470 39
5471 37
5472 74
5473 30
5474 32
5475 18
5476 47
5477 56
5478 32
5479 36
5480 48
5481 28
5482 23
5483 42
5484 50
5485 35
5486 51
5487 34
5488 27
5489 48
5490 36
5491 70
5492 39
5493 32
5494 60
5495 57
5496 24
5497 12
5498 26
5499 18
5500 18
5501 26
5502 15
5503 20
5504 29
5505 26
5506 34
5507 23
5508 17
5509 23
5510 48
5511 52
5512 37
5513 59
5514 68
5515 48
5516 37
5517 23
5518 26
5519 47
5520 43
5521 47
5522 77
5523 38
5524 24
5525 31
5526 27
5527 26
5528 61
5529 37
5530 21
5531 19
5532 11
5533 12
5534 27
5535 35
5536 45
5537 47
5538 56
5539 58
5540 52
5541 67
5542 40
5543 87
5544 71
5545 63
5546 54
5547 57
5548 48
5549 52
5550 63
5551 82
5552 72
5553 79
5554 112
5555 97
5556 78
5557 57
5558 73
5559 104
5560 97
5561 73
5562 99
5563 68
5564 38
5565 44
5566 51
5567 49
5568 72
5569 85
5570 63
5571 51
5572 27
5573 33
5574 27
5575 40
5576 53
5577 64
5578 30
5579 16
5580 38
5581 31
5582 71
5583 57
5584 60
5585 36
5586 39
5587 20
5588 27
5589 29
5590 41
5591 76
5592 68
5593 38
5594 48
5595 82
5596 58
5597 33
5598 23
5599 49
5600 32
5601 21
5602 15
5603 15
5604 27
5605 22
5606 28
5607 21
5608 25
5609 56
5610 73
5611 61
5612 28
5613 21
5614 40
5615 48
5616 30
5617 38
5618 21
5619 18
5620 37
5621 35
5622 42
5623 37
5624 60
5625 86
5626 94
5627 35
5628 33
5629 23
5630 37
5631 30
5632 35
5633 25
5634 47
5635 34
5636 50
5637 34
5638 46
5639 44
5640 69
5641 57
5642 34
5643 23
5644 24
5645 18
5646 27
5647 17
5648 20
5649 18
5650 16
5651 24
5652 11
5653 21
5654 22
5655 30
5656 57
5657 32
5658 23
5659 18
5660 15
5661 14
5662 12
5663 12
5664 26
5665 15
5666 22
5667 11
5668 38
5669 34
5670 28
5671 48
5672 38
5673 27
5674 35
5675 17
5676 20
5677 14
5678 14
5679 36
5680 23
5681 23
5682 11
5683 16
5684 35
5685 14
5686 22
5687 14
5688 15
5689 27
5690 16
5691 22
5692 8
5693 24
5694 39
5695 47
5696 32
5697 23
5698 31
5699 38
5700 41
5701 35
5702 30
5703 41
5704 42
5705 26
5706 36
5707 41
5708 59
5709 58
5710 56
5711 57
5712 50
5713 38
5714 25
5715 40
5716 68
5717 38
5718 46
5719 52
5720 42
5721 31
5722 45
5723 53
5724 85
5725 94
5726 43
5727 66
5728 134
5729 72
5730 78
5731 105
5732 117
5733 96
5734 152
5735 70
5736 62
5737 73
5738 48
5739 72
5740 103
5741 54
5742 55
5743 72
5744 35
5745 44
5746 73
5747 66
5748 25
5749 30
5750 17
5751 16
5752 39
5753 17
5754 25
5755 33
5756 18
5757 20
5758 22
5759 14
5760 19
5761 13
5762 13
5763 12
5764 9
5765 27
5766 11
5767 32
5768 18
5769 28
5770 28
5771 26
5772 21
5773 22
5774 35
5775 57
5776 46
5777 37
5778 55
5779 38
5780 69
5781 33
5782 37
5783 51
5784 67
5785 43
5786 25
5787 38
5788 24
5789 46
5790 75
5791 63
5792 61
5793 90
5794 50
5795 69
5796 38
5797 31
5798 89
5799 123
5800 49
5801 36
5802 42
5803 30
5804 32
5805 31
5806 28
5807 33
5808 34
5809 38
5810 20
5811 21
5812 10
5813 23
5814 38
5815 14
5816 19
5817 15
5818 23
5819 18
5820 22
5821 20
5822 26
5823 32
5824 44
5825 24
5826 34
5827 13
5828 35
5829 41
5830 31
5831 31
5832 60
5833 58
5834 43
5835 59
5836 37
5837 69
5838 60
5839 51
5840 73
5841 66
5842 40
5843 35
5844 61
5845 69
5846 79
5847 92
5848 51
5849 59
5850 58
5851 41
5852 78
5853 67
5854 67
5855 93
5856 114
5857 61
5858 62
5859 67
5860 120
5861 149
5862 113
5863 106
5864 84
5865 50
5866 32
5867 37
5868 30
5869 43
5870 50
5871 122
5872 77
5873 65
5874 47
5875 33
5876 43
5877 23
5878 28
5879 21
5880 25
5881 16
5882 17
5883 26
5884 17
5885 16
5886 58
5887 39
5888 21
5889 20
5890 5
5891 9
5892 17
5893 16
5894 10
5895 9
5896 6
5897 9
5898 17
5899 11
5900 15
5901 17
5902 21
5903 20
5904 19
5905 14
5906 18
5907 17
5908 26
5909 11
5910 14
5911 15
5912 24
5913 37
5914 37
5915 40
5916 34
5917 43
5918 38
5919 42
5920 40
5921 42
5922 47
5923 73
5924 51
5925 58
5926 35
5927 77
5928 40
5929 34
5930 28
5931 31
5932 29
5933 36
5934 17
5935 31
5936 44
5937 40
5938 59
5939 48
5940 48
5941 38
5942 42
5943 30
5944 35
5945 25
5946 29
5947 32
5948 39
5949 31
5950 51
5951 50
5952 33
5953 39
5954 21
5955 28
5956 20
5957 54
5958 18
5959 33
5960 13
5961 22
5962 50
5963 61
5964 49
5965 57
5966 67
5967 57
5968 15
5969 25
5970 65
5971 36
5972 44
5973 32
5974 56
5975 36
5976 52
5977 42
5978 57
5979 53
5980 37
5981 37
5982 18
5983 20
5984 14
5985 41
5986 31
5987 24
5988 8
5989 17
5990 21
5991 30
5992 26
5993 43
5994 24
5995 7
5996 19
5997 12
5998 15
5999 14
6000 32
6001 27
6002 23
6003 14
6004 23
6005 32
6006 33
6007 31
6008 56
6009 55
6010 41
6011 38
6012 27
6013 24
6014 26
6015 29
6016 32
6017 28
6018 22
6019 48
6020 51
6021 50
6022 56
6023 114
6024 64
6025 44
6026 54
6027 47
6028 31
6029 24
6030 22
6031 40
6032 31
6033 53
6034 43
6035 89
6036 54
6037 91
6038 70
6039 34
6040 39
6041 42
6042 52
6043 43
6044 20
6045 10
6046 30
6047 40
6048 68
6049 55
6050 65
6051 40
6052 68
6053 52
6054 28
6055 40
6056 31
6057 68
6058 73
6059 35
6060 29
6061 39
6062 51
6063 131
6064 43
6065 93
6066 70
6067 85
6068 45
6069 64
6070 40
6071 36
6072 73
6073 36
6074 28
6075 30
6076 54
6077 64
6078 104
6079 43
6080 59
6081 48
6082 26
6083 10
6084 12
6085 12
6086 14
6087 27
6088 26
6089 22
6090 22
6091 26
6092 24
6093 68
6094 36
6095 43
6096 35
6097 22
6098 10
6099 23
6100 21
6101 32
6102 28
6103 36
6104 37
6105 37
6106 53
6107 26
6108 47
6109 39
6110 59
6111 71
6112 33
6113 31
6114 66
6115 46
6116 99
6117 108
6118 104
6119 80
6120 84
6121 99
6122 53
6123 61
6124 69
6125 85
6126 155
6127 71
6128 74
6129 110
6130 79
6131 96
6132 47
6133 68
6134 89
6135 80
6136 64
6137 77
6138 66
6139 68
6140 94
6141 150
6142 128
6143 66
6144 82
6145 15
6146 73
6147 28
6148 32
6149 41
6150 41
6151 39
6152 33
6153 16
6154 11
6155 24
6156 36
6157 39
6158 38
6159 52
6160 17
6161 19
6162 19
6163 23
6164 34
6165 52
6166 59
6167 24
6168 27
6169 12
6170 24
6171 29
6172 45
6173 33
6174 38
6175 25
6176 15
6177 24
6178 18
6179 22
6180 31
6181 29
6182 18
6183 13
6184 14
6185 19
6186 20
6187 41
6188 30
6189 48
6190 33
6191 33
6192 44
6193 21
6194 32
6195 21
6196 37
6197 24
6198 40
6199 47
6200 28
6201 35
6202 24
6203 42
6204 19
6205 37
6206 44
6207 37
6208 23
6209 28
6210 27
6211 43
6212 10
6213 26
6214 19
6215 19
6216 35
6217 16
6218 23
6219 14
6220 26
6221 33
6222 36
6223 34
6224 26
6225 33
6226 13
6227 7
6228 5
6229 15
6230 6
6231 10
6232 15
6233 15
6234 9
6235 25
6236 34
6237 29
6238 33
6239 23
6240 16
6241 10
6242 18
6243 14
6244 22
6245 25
6246 23
6247 22
6248 34
6249 34
6250 43
6251 73
6252 47
6253 56
6254 56
6255 40
6256 25
6257 60
6258 63
6259 74
6260 80
6261 59
6262 71
6263 77
6264 80
6265 126
6266 75
6267 81
6268 60
6269 84
6270 70
6271 60
6272 77
6273 80
6274 175
6275 58
6276 59
6277 74
6278 97
6279 63
6280 78
6281 39
6282 23
6283 38
6284 15
6285 26
6286 29
6287 34
6288 31
6289 39
6290 22
6291 40
6292 24
6293 43
6294 12
6295 42
6296 33
6297 37
6298 28
6299 33
6300 44
6301 21
6302 24
6303 37
6304 42
6305 35
6306 32
6307 33
6308 39
6309 19
6310 19
6311 15
6312 11
6313 14
6314 22
6315 9
6316 19
6317 11
6318 18
6319 26
6320 19
6321 21
6322 27
6323 12
6324 16
6325 16
6326 16
6327 18
6328 17
6329 27
6330 20
6331 40
6332 22
6333 41
6334 33
6335 60
6336 29
6337 15
6338 23
6339 28
6340 22
6341 20
6342 29
6343 23
6344 40
6345 16
6346 74
6347 37
6348 64
6349 43
6350 113
6351 93
6352 84
6353 46
6354 59
6355 69
6356 42
6357 43
6358 39
6359 34
6360 28
6361 78
6362 92
6363 126
6364 64
6365 56
6366 34
6367 29
6368 24
6369 45
6370 57
6371 42
6372 33
6373 50
6374 58
6375 74
6376 58
6377 65
6378 100
6379 54
6380 58
6381 90
6382 44
6383 31
6384 34
6385 67
6386 47
6387 51
6388 43
6389 49
6390 48
6391 30
6392 26
6393 21
6394 19
6395 28
6396 43
6397 29
6398 24
6399 18
6400 37
6401 47
6402 56
6403 24
6404 40
6405 47
6406 24
6407 22
6408 30
6409 29
6410 46
6411 34
6412 25
6413 43
6414 44
6415 56
6416 52
6417 86
6418 52
6419 103
6420 56
6421 37
6422 29
6423 50
6424 42
6425 93
6426 105
6427 37
6428 83
6429 73
6430 123
6431 86
6432 71
6433 45
6434 82
6435 51
6436 49
6437 28
6438 38
6439 21
6440 22
6441 19
6442 15
6443 52
6444 36
6445 42
6446 49
6447 49
6448 74
6449 64
6450 37
6451 36
6452 34
6453 28
6454 33
6455 50
6456 16
6457 32
6458 40
6459 32
6460 15
6461 15
6462 8
6463 15
6464 27
6465 21
6466 32
6467 16
6468 23
6469 9
6470 20
6471 14
6472 29
6473 34
6474 22
6475 12
6476 25
6477 24
6478 27
6479 32
6480 38
6481 35
6482 28
6483 42
6484 26
6485 29
6486 22
6487 45
6488 28
6489 28
6490 44
6491 45
6492 26
6493 27
6494 61
6495 24
6496 30
6497 30
6498 34
6499 30
6500 24
6501 45
6502 43
6503 38
6504 34
6505 29
6506 45
6507 26
6508 25
6509 47
6510 15
6511 27
6512 27
6513 20
6514 29
6515 21
6516 28
6517 45
6518 39
6519 29
6520 15
6521 39
6522 30
6523 39
6524 48
6525 40
6526 50
6527 35
6528 25
6529 49
6530 39
6531 44
6532 51
6533 48
6534 46
6535 43
6536 60
6537 56
6538 104
6539 117
6540 71
6541 104
6542 40
6543 34
6544 67
6545 39
6546 26
6547 34
6548 38
6549 36
6550 57
6551 51
6552 36
6553 46
6554 141
6555 82
6556 68
6557 39
6558 29
6559 62
6560 35
6561 36
6562 29
6563 37
6564 33
6565 28
6566 35
6567 28
6568 28
6569 52
6570 39
6571 43
6572 34
6573 30
6574 61
6575 26
6576 38
6577 35
6578 35
6579 37
6580 37
6581 36
6582 23
6583 43
6584 50
6585 63
6586 55
6587 49
6588 74
6589 109
6590 57
6591 106
6592 145
6593 101
6594 51
6595 24
6596 20
6597 15
6598 27
6599 41
6600 87
6601 58
6602 75
6603 60
6604 22
6605 14
6606 22
6607 31
6608 22
6609 27
6610 11
6611 18
6612 12
6613 32
6614 57
6615 30
6616 18
6617 20
6618 18
6619 15
6620 17
6621 27
6622 42
6623 25
6624 27
6625 19
6626 13
6627 18
6628 17
6629 21
6630 20
6631 16
6632 27
6633 31
6634 24
6635 44
6636 53
6637 57
6638 78
6639 74
6640 50
6641 31
6642 44
6643 22
6644 37
6645 49
6646 48
6647 60
6648 52
6649 18
6650 40
6651 34
6652 43
6653 60
6654 43
6655 59
6656 66
6657 44
6658 13
6659 49
6660 38
6661 63
6662 65
6663 56
6664 35
6665 55
6666 94
6667 100
6668 101
6669 28
6670 26
6671 69
6672 41
6673 31
6674 58
6675 44
6676 51
6677 49
6678 47
6679 25
6680 54
6681 62
6682 28
6683 58
6684 16
6685 30
6686 77
6687 86
6688 70
6689 60
6690 62
6691 32
6692 23
6693 44
6694 50
6695 37
6696 76
6697 47
6698 56
6699 25
6700 69
6701 120
6702 107
6703 191
6704 75
6705 35
6706 48
6707 24
6708 23
6709 34
6710 24
6711 65
6712 24
6713 33
6714 23
6715 20
6716 22
6717 16
6718 26
6719 8
6720 3
6721 8
6722 8
6723 16
6724 3
6725 19
6726 23
6727 12
6728 13
6729 14
6730 10
6731 20
6732 9
6733 27
6734 14
6735 10
6736 14
6737 19
6738 37
6739 21
6740 34
6741 31
6742 33
6743 25
6744 24
6745 13
6746 20
6747 17
6748 48
6749 30
6750 19
6751 31
6752 20
6753 43
6754 27
6755 52
6756 43
6757 33
6758 29
6759 33
6760 11
6761 28
6762 24
6763 53
6764 75
6765 53
6766 58
6767 56
6768 55
6769 72
6770 51
6771 85
6772 85
6773 98
6774 103
6775 66
6776 112
6777 73
6778 94
6779 125
6780 66
6781 42
6782 21
6783 43
6784 50
6785 36
6786 40
6787 60
6788 45
6789 37
6790 42
6791 35
6792 20
6793 21
6794 25
6795 22
6796 10
6797 6
6798 19
6799 4
6800 19
6801 14
6802 31
6803 22
6804 18
6805 18
6806 19
6807 14
6808 28
6809 19
6810 19
6811 17
6812 15
6813 25
6814 29
6815 23
6816 11
6817 27
6818 18
6819 22
6820 28
6821 13
6822 17
6823 27
6824 36
6825 18
6826 16
6827 17
6828 27
6829 41
6830 32
6831 20
6832 24
6833 21
6834 20
6835 39
6836 17
6837 25
6838 49
6839 64
6840 36
6841 52
6842 31
6843 24
6844 30
6845 45
6846 42
6847 38
6848 64
6849 46
6850 99
6851 48
6852 64
6853 77
6854 77
6855 71
6856 84
6857 46
6858 37
6859 32
6860 43
6861 38
6862 36
6863 39
6864 39
6865 46
6866 20
6867 16
6868 50
6869 63
6870 62
6871 54
6872 72
6873 45
6874 46
6875 24
6876 25
6877 28
6878 41
6879 42
6880 31
6881 9
6882 29
6883 41
6884 80
6885 84
6886 58
6887 69
6888 41
6889 33
6890 42
6891 29
6892 44
6893 46
6894 55
6895 45
6896 54
6897 75
6898 80
6899 60
6900 23
6901 37
6902 37
6903 17
6904 12
6905 18
6906 12
6907 24
6908 16
6909 46
6910 55
6911 52
6912 31
6913 27
6914 18
6915 9
6916 18
6917 23
6918 7
6919 16
6920 13
6921 17
6922 21
6923 23
6924 46
6925 22
6926 28
6927 38
6928 36
6929 14
6930 20
6931 35
6932 52
6933 39
6934 47
6935 30
6936 42
6937 37
6938 32
6939 41
6940 45
6941 46
6942 64
6943 105
6944 80
6945 87
6946 67
6947 87
6948 116
6949 159
6950 80
6951 76
6952 61
6953 57
6954 91
6955 70
6956 105
6957 62
6958 163
6959 79
6960 94
6961 100
6962 93
6963 39
6964 81
6965 45
6966 39
6967 35
6968 41
6969 29
6970 39
6971 26
6972 17
6973 36
6974 20
6975 9
6976 15
6977 14
6978 5
6979 29
6980 12
6981 9
6982 12
6983 12
6984 10
6985 13
6986 22
6987 26
6988 4
6989 13
6990 6
6991 11
6992 16
6993 10
6994 29
6995 12
6996 16
6997 15
6998 11
6999 23
7000 22
7001 25
7002 29
7003 23
7004 17
7005 33
7006 25
7007 40
7008 39
7009 42
7010 32
7011 35
7012 62
7013 35
7014 53
7015 78
7016 54
7017 38
7018 65
7019 50
7020 28
7021 28
7022 71
7023 46
7024 63
7025 30
7026 54
7027 66
7028 34
7029 31
7030 21
7031 25
7032 25
7033 30
7034 19
7035 9
7036 18
7037 34
7038 24
7039 27
7040 31
7041 27
7042 54
7043 41
7044 51
7045 37
7046 46
7047 49
7048 57
7049 38
7050 32
7051 45
7052 76
7053 86
7054 55
7055 49
7056 35
7057 42
7058 44
7059 38
7060 36
7061 56
7062 27
7063 16
7064 18
7065 17
7066 32
7067 34
7068 53
7069 30
7070 23
7071 20
7072 13
7073 5
7074 11
7075 19
7076 10
7077 6
7078 10
7079 14
7080 13
7081 25
7082 29
7083 34
7084 29
7085 21
7086 22
7087 9
7088 18
7089 32
7090 33
7091 28
7092 26
7093 50
7094 51
7095 32
7096 29
7097 55
7098 82
7099 73
7100 52
7101 20
7102 32
7103 48
7104 97
7105 67
7106 94
7107 109
7108 74
7109 55
7110 79
7111 68
7112 95
7113 110
7114 88
7115 87
7116 49
7117 65
7118 78
7119 96
7120 75
7121 73
7122 91
7123 82
7124 82
7125 92
7126 55
7127 48
7128 50
7129 46
7130 52
7131 50
7132 61
7133 54
7134 27
7135 34
7136 31
7137 13
7138 16
7139 7
7140 24
7141 17
7142 13
7143 17
7144 19
7145 13
7146 14
7147 22
7148 21
7149 34
7150 30
7151 40
7152 24
7153 22
7154 18
7155 27
7156 21
7157 22
7158 25
7159 35
7160 22
7161 31
7162 24
7163 32
7164 19
7165 42
7166 37
7167 46
7168 36
7169 28
7170 38
7171 51
7172 28
7173 58
7174 60
7175 36
7176 75
7177 73
7178 96
7179 108
7180 84
7181 54
7182 71
7183 89
7184 36
7185 58
7186 103
7187 41
7188 56
7189 33
7190 26
7191 42
7192 16
7193 38
7194 45
7195 39
7196 24
7197 26
7198 45
7199 39
7200 39
7201 35
7202 43
7203 18
7204 18
7205 19
7206 31
7207 19
7208 30
7209 30
7210 27
7211 20
7212 25
7213 29
7214 54
7215 34
7216 45
7217 51
7218 41
7219 32
7220 32
7221 39
7222 34
7223 64
7224 61
7225 55
7226 19
7227 45
7228 51
7229 61
7230 44
7231 27
7232 34
7233 42
7234 47
7235 56
7236 44
7237 41
7238 44
7239 54
7240 27
7241 24
7242 56
7243 60
7244 74
7245 74
7246 51
7247 34
7248 47
7249 53
7250 70
7251 47
7252 35
7253 53
7254 97
7255 66
7256 57
7257 50
7258 56
7259 95
7260 39
7261 29
7262 43
7263 54
7264 63
7265 34
7266 24
7267 21
7268 38
7269 54
7270 37
7271 52
7272 40
7273 47
7274 83
7275 48
7276 13
7277 48
7278 65
7279 54
7280 31
7281 31
7282 43
7283 53
7284 84
7285 30
7286 43
7287 47
7288 63
7289 63
7290 43
7291 20
7292 45
7293 48
7294 34
7295 29
7296 35
7297 25
7298 30
7299 27
7300 15
7301 30
7302 30
7303 47
7304 53
7305 17
7306 12
7307 23
7308 33
7309 12
7310 15
7311 14
7312 15
7313 29
7314 29
7315 32
7316 42
7317 46
7318 27
7319 29
7320 18
7321 18
7322 27
7323 23
7324 30
7325 31
7326 37
7327 37
7328 33
7329 55
7330 78
7331 47
7332 72
7333 52
7334 42
7335 43
7336 42
7337 36
7338 23
7339 22
7340 17
7341 29
7342 37
7343 57
7344 51
7345 83
7346 22
7347 20
7348 25
7349 42
7350 24
7351 26
7352 25
7353 26
7354 37
7355 34
7356 31
7357 36
7358 35
7359 31
7360 55
7361 19
7362 14
7363 14
7364 10
7365 22
7366 31
7367 26
7368 31
7369 17
7370 22
7371 28
7372 42
7373 23
7374 11
7375 32
7376 26
7377 15
7378 30
7379 32
7380 23
7381 34
7382 54
7383 30
7384 23
7385 31
7386 45
7387 16
7388 26
7389 33
7390 23
7391 32
7392 28
7393 57
7394 63
7395 51
7396 32
7397 80
7398 54
7399 48
7400 57
7401 43
7402 49
7403 19
7404 26
7405 33
7406 26
7407 16
7408 47
7409 39
7410 36
7411 53
7412 95
7413 88
7414 64
7415 55
7416 46
7417 99
7418 52
7419 72
7420 71
7421 45
7422 48
7423 52
7424 38
7425 61
7426 72
7427 89
7428 34
7429 44
7430 52
7431 65
7432 43
7433 42
7434 53
7435 70
7436 39
7437 36
7438 23
7439 24
7440 26
7441 31
7442 90
7443 33
7444 33
7445 43
7446 49
7447 35
7448 18
7449 27
7450 98
7451 56
7452 58
7453 49
7454 47
7455 40
7456 49
7457 80
7458 49
7459 24
7460 26
7461 85
7462 67
7463 30
7464 45
7465 39
7466 35
7467 32
7468 27
7469 23
7470 9
7471 16
7472 24
7473 23
7474 22
7475 26
7476 47
7477 46
7478 37
7479 53
7480 83
7481 35
7482 35
7483 32
7484 35
7485 37
7486 42
7487 44
7488 60
7489 47
7490 57
7491 55
7492 73
7493 71
7494 173
7495 137
7496 54
7497 50
7498 31
7499 36
7500 66
7501 25
7502 57
7503 41
7504 25
7505 29
7506 46
7507 37
7508 29
7509 53
7510 52
7511 43
7512 41
7513 28
7514 33
7515 44
7516 20
7517 47
7518 22
7519 14
7520 31
7521 35
7522 50
7523 32
7524 21
7525 40
7526 29
7527 21
7528 18
7529 12
7530 24
7531 17
7532 39
7533 28
7534 32
7535 9
7536 40
7537 45
7538 40
7539 29
7540 47
7541 21
7542 23
7543 14
7544 20
7545 31
7546 13
7547 56
7548 25
7549 76
7550 46
7551 69
7552 49
7553 76
7554 27
7555 71
7556 36
7557 43
7558 21
7559 24
7560 34
7561 23
7562 48
7563 31
7564 78
7565 42
7566 35
7567 39
7568 46
7569 72
7570 68
7571 55
7572 95
7573 50
7574 38
7575 60
7576 62
7577 69
7578 47
7579 79
7580 67
7581 50
7582 63
7583 33
7584 61
7585 57
7586 19
7587 36
7588 39
7589 31
7590 25
7591 54
7592 65
7593 23
7594 68
7595 44
7596 40
7597 61
7598 33
7599 22
7600 19
7601 9
7602 27
7603 46
7604 25
7605 10
7606 35
7607 35
7608 21
7609 33
7610 32
7611 25
7612 45
7613 37
7614 29
7615 42
7616 37
7617 43
7618 53
7619 61
7620 35
7621 55
7622 59
7623 43
7624 49
7625 35
7626 52
7627 47
7628 14
7629 25
7630 14
7631 33
7632 17
7633 31
7634 32
7635 12
7636 26
7637 13
7638 8
7639 19
7640 20
7641 29
7642 42
7643 22
7644 47
7645 16
7646 33
7647 27
7648 30
7649 29
7650 30
7651 25
7652 28
7653 28
7654 36
7655 38
7656 35
7657 58
7658 31
7659 39
7660 29
7661 33
7662 19
7663 41
7664 48
7665 51
7666 54
7667 34
7668 34
7669 25
7670 61
7671 31
7672 57
7673 48
7674 25
7675 19
7676 6
7677 16
7678 29
7679 26
7680 31
7681 29
7682 15
7683 17
7684 21
7685 23
7686 13
7687 18
7688 16
7689 12
7690 7
7691 1
7692 16
7693 25
7694 20
7695 19
7696 20
7697 25
7698 30
7699 49
7700 51
7701 40
7702 63
7703 42
7704 44
7705 35
7706 34
7707 43
7708 48
7709 69
7710 54
7711 82
7712 48
7713 32
7714 72
7715 72
7716 117
7717 49
7718 50
7719 48
7720 68
7721 68
7722 67
7723 78
7724 71
7725 106
7726 63
7727 68
7728 67
7729 25
7730 42
7731 81
7732 52
7733 44
7734 47
7735 46
7736 47
7737 51
7738 57
7739 48
7740 49
7741 33
7742 39
7743 30
7744 23
7745 37
7746 53
7747 44
7748 29
7749 42
7750 48
7751 46
7752 40
7753 41
7754 36
7755 38
7756 24
7757 48
7758 51
7759 44
7760 31
7761 67
7762 46
7763 37
7764 43
7765 46
7766 79
7767 69
7768 74
7769 81
7770 88
7771 54
7772 78
7773 122
7774 115
7775 125
7776 99
7777 90
7778 78
7779 57
7780 45
7781 31
7782 35
7783 50
7784 88
7785 73
7786 43
7787 59
7788 69
7789 88
7790 43
7791 22
7792 24
7793 16
7794 27
7795 10
7796 18
7797 13
7798 22
7799 23
7800 21
7801 17
7802 25
7803 12
7804 25
7805 26
7806 26
7807 35
7808 17
7809 13
7810 15
7811 33
7812 26
7813 13
7814 15
7815 23
7816 20
7817 5
7818 6
7819 7
7820 22
7821 19
7822 20
7823 21
7824 28
7825 9
7826 41
7827 23
7828 37
7829 33
7830 32
7831 18
7832 23
7833 20
7834 27
7835 34
7836 36
7837 31
7838 38
7839 28
7840 22
7841 46
7842 34
7843 39
7844 53
7845 31
7846 46
7847 36
7848 31
7849 54
7850 81
7851 66
7852 37
7853 38
7854 48
7855 54
7856 45
7857 57
7858 84
7859 51
7860 29
7861 37
7862 18
7863 39
7864 61
7865 111
7866 123
7867 88
7868 64
7869 38
7870 35
7871 34
7872 50
7873 50
7874 29
7875 25
7876 26
7877 20
7878 33
7879 34
7880 45
7881 84
7882 46
7883 45
7884 26
7885 30
7886 36
7887 40
7888 42
7889 37
7890 42
7891 59
7892 24
7893 43
7894 42
7895 45
7896 49
7897 52
7898 32
7899 31
7900 15
7901 22
7902 30
7903 27
7904 46
7905 60
7906 25
7907 11
7908 16
7909 23
7910 12
7911 27
7912 13
7913 18
7914 27
7915 25
7916 26
7917 31
7918 18
7919 29
7920 26
7921 29
7922 18
7923 17
7924 31
7925 15
7926 32
7927 19
7928 31
7929 28
7930 33
7931 43
7932 38
7933 40
7934 51
7935 43
7936 74
7937 29
7938 68
7939 74
7940 68
7941 67
7942 26
7943 53
7944 39
7945 75
7946 90
7947 35
7948 88
7949 86
7950 29
7951 59
7952 25
7953 44
7954 55
7955 16
7956 30
7957 36
7958 39
7959 45
7960 41
7961 40
7962 19
7963 30
7964 23
7965 19
7966 45
7967 26
7968 68
7969 47
7970 28
7971 51
7972 42
7973 28
7974 24
7975 18
7976 33
7977 25
7978 18
7979 17
7980 19
7981 71
7982 52
7983 39
7984 52
7985 56
7986 88
7987 82
7988 54
7989 50
7990 23
7991 58
7992 70
7993 63
7994 70
7995 68
7996 69
7997 62
7998 40
7999 44
8000 79
8001 92
8002 96
8003 27
8004 25
8005 21
8006 18
8007 43
8008 53
8009 83
8010 73
8011 60
8012 50
8013 25
8014 44
8015 79
8016 71
8017 70
8018 31
8019 34
8020 24
8021 22
8022 56
8023 54
8024 36
8025 59
8026 56
8027 65
8028 42
8029 29
8030 39
8031 44
8032 41
8033 39
8034 57
8035 48
8036 42
8037 71
8038 62
8039 41
8040 87
8041 59
8042 56
8043 48
8044 40
8045 39
8046 32
8047 22
8048 17
8049 21
8050 42
8051 38
8052 25
8053 22
8054 35
8055 68
8056 84
8057 55
8058 75
8059 20
8060 36
8061 45
8062 44
8063 32
8064 35
8065 28
8066 36
8067 27
8068 18
8069 12
8070 17
8071 22
8072 27
8073 25
8074 18
8075 16
8076 9
8077 17
8078 19
8079 19
8080 21
8081 28
8082 31
8083 33
8084 9
8085 19
8086 24
8087 45
8088 16
8089 15
8090 34
8091 11
8092 28
8093 42
8094 56
8095 40
8096 49
8097 38
8098 35
8099 24
8100 51
8101 46
8102 54
8103 50
8104 42
8105 43
8106 38
8107 94
8108 107
8109 53
8110 47
8111 53
8112 47
8113 33
8114 30
8115 54
8116 51
8117 92
8118 45
8119 52
8120 51
8121 38
8122 49
8123 39
8124 24
8125 12
8126 24
8127 26
8128 15
8129 10
8130 27
8131 24
8132 40
8133 12
8134 18
8135 12
8136 10
8137 7
8138 7
8139 14
8140 11
8141 15
8142 8
8143 5
8144 13
8145 10
8146 11
8147 28
8148 16
8149 10
8150 29
8151 24
8152 24
8153 27
8154 32
8155 40
8156 44
8157 32
8158 39
8159 54
8160 47
8161 42
8162 83
8163 54
8164 56
8165 63
8166 51
8167 51
8168 55
8169 57
8170 71
8171 68
8172 65
8173 75
8174 106
8175 112
8176 131
8177 153
8178 110
8179 111
8180 123
8181 95
8182 134
8183 85
8184 125
8185 128
8186 45
8187 66
8188 57
8189 98
8190 61
8191 105
8192 29
8193 35
8194 57
8195 84
8196 38
8197 38
8198 16
8199 22
8200 39
8201 22
8202 11
8203 12
8204 15
8205 4
8206 4
8207 0
8208 3
8209 2
8210 5
8211 4
8212 6
8213 5
8214 5
8215 6
8216 8
8217 4
8218 4
8219 12
8220 4
8221 1
8222 1
8223 3
8224 5
8225 7
8226 9
8227 6
8228 8
8229 14
8230 23
8231 35
8232 21
8233 21
8234 27
8235 16
8236 19
8237 25
8238 19
8239 32
8240 27
8241 31
8242 15
8243 22
8244 31
8245 69
8246 67
8247 28
8248 48
8249 70
8250 52
8251 52
8252 31
8253 29
8254 42
8255 43
8256 42
8257 55
8258 46
8259 26
8260 33
8261 45
8262 42
8263 31
8264 54
8265 47
8266 53
8267 47
8268 43
8269 53
8270 41
8271 35
8272 30
8273 43
8274 45
8275 85
8276 84
8277 84
8278 49
8279 108
8280 34
8281 28
8282 48
8283 57
8284 64
8285 47
8286 40
8287 61
8288 47
8289 41
8290 74
8291 117
8292 107
8293 37
8294 116
8295 31
8296 38
8297 71
8298 60
8299 83
8300 36
8301 37
8302 38
8303 36
8304 52
8305 67
8306 94
8307 51
8308 53
8309 59
8310 40
8311 53
8312 72
8313 67
8314 46
8315 42
8316 37
8317 53
8318 30
8319 36
8320 29
8321 46
8322 20
8323 28
8324 38
8325 27
8326 24
8327 44
8328 16
8329 20
8330 14
8331 17
8332 14
8333 14
8334 29
8335 29
8336 22
8337 16
8338 23
8339 24
8340 21
8341 31
8342 52
8343 31
8344 43
8345 42
8346 50
8347 34
8348 53
8349 77
8350 27
8351 39
8352 30
8353 20
8354 16
8355 29
8356 46
8357 65
8358 46
8359 92
8360 53
8361 48
8362 32
8363 27
8364 32
8365 18
8366 35
8367 47
8368 41
8369 36
8370 48
8371 60
8372 44
8373 58
8374 58
8375 75
8376 46
8377 23
8378 37
8379 21
8380 20
8381 41
8382 61
8383 42
8384 32
8385 16
8386 23
8387 17
8388 15
8389 17
8390 14
8391 25
8392 15
8393 18
8394 16
8395 24
8396 21
8397 36
8398 28
8399 22
8400 9
8401 21
8402 13
8403 22
8404 22
8405 18
8406 32
8407 16
8408 12
8409 12
8410 14
8411 15
8412 22
8413 29
8414 58
8415 48
8416 36
8417 20
8418 40
8419 34
8420 38
8421 54
8422 52
8423 53
8424 70
8425 41
8426 42
8427 38
8428 25
8429 36
8430 56
8431 56
8432 57
8433 49
8434 63
8435 68
8436 67
8437 79
8438 104
8439 63
8440 39
8441 40
8442 31
8443 22
8444 26
8445 28
8446 21
8447 22
8448 16
8449 34
8450 51
8451 61
8452 26
8453 59
8454 64
8455 52
8456 75
8457 76
8458 45
8459 32
8460 33
8461 31
8462 29
8463 18
8464 48
8465 62
8466 70
8467 54
8468 127
8469 61
8470 45
8471 59
8472 70
8473 36
8474 39
8475 37
8476 9
8477 18
8478 26
8479 34
8480 39
8481 47
8482 33
8483 51
8484 46
8485 29
8486 42
8487 43
8488 41
8489 28
8490 18
8491 13
8492 30
8493 31
8494 20
8495 21
8496 23
8497 29
8498 36
8499 58
8500 52
8501 43
8502 41
8503 36
8504 17
8505 7
8506 28
8507 37
8508 56
8509 49
8510 35
8511 37
8512 58
8513 33
8514 51
8515 95
8516 81
8517 43
8518 47
8519 63
8520 41
8521 77
8522 37
8523 90
8524 67
8525 23
8526 35
8527 91
8528 39
8529 67
8530 93
8531 61
8532 48
8533 50
8534 38
8535 43
8536 42
8537 28
8538 37
8539 38
8540 31
8541 47
8542 46
8543 29
8544 57
8545 89
8546 58
8547 59
8548 59
8549 78
8550 61
8551 61
8552 49
8553 67
8554 36
8555 35
8556 62
8557 76
8558 70
8559 61
8560 57
8561 55
8562 27
8563 26
8564 42
8565 32
8566 28
8567 31
8568 37
8569 22
8570 21
8571 18
8572 30
8573 18
8574 17
8575 23
8576 21
8577 12
8578 19
8579 18
8580 32
8581 27
8582 11
8583 21
8584 28
8585 30
8586 21
8587 28
8588 17
8589 24
8590 39
8591 29
8592 27
8593 24
8594 30
8595 36
8596 17
8597 32
8598 35
8599 27
8600 11
8601 13
8602 7
8603 14
8604 12
8605 8
8606 20
8607 15
8608 10
8609 22
8610 9
8611 11
8612 11
8613 19
8614 12
8615 10
8616 7
8617 20
8618 23
8619 24
8620 37
8621 40
8622 47
8623 41
8624 34
8625 42
8626 36
8627 47
8628 80
8629 72
8630 45
8631 49
8632 62
8633 81
8634 53
8635 61
8636 73
8637 116
8638 84
8639 114
8640 112
8641 43
8642 96
8643 88
8644 94
8645 57
8646 62
8647 74
8648 69
8649 30
8650 44
8651 55
8652 55
8653 57
8654 43
8655 37
8656 14
8657 46
8658 43
8659 37
8660 32
8661 28
8662 42
8663 23
8664 33
8665 48
8666 42
8667 73
8668 71
8669 41
8670 55
8671 41
8672 61
8673 52
8674 28
8675 16
8676 23
8677 13
8678 15
8679 31
8680 27
8681 40
8682 41
8683 63
8684 58
8685 64
8686 51
8687 66
8688 54
8689 64
8690 56
8691 54
8692 51
8693 58
8694 67
8695 51
8696 63
8697 39
8698 92
8699 70
8700 52
8701 42
8702 38
8703 85
8704 78
8705 64
8706 62
8707 52
8708 19
8709 36
8710 39
8711 31
8712 26
8713 37
8714 33
8715 26
8716 31
8717 31
8718 55
8719 33
8720 36
8721 37
8722 48
8723 26
8724 35
8725 24
8726 20
8727 23
8728 42
8729 26
8730 23
8731 19
8732 15
8733 16
8734 18
8735 33
8736 18
8737 19
8738 26
8739 19
8740 26
8741 27
8742 31
8743 38
8744 39
8745 23
8746 22
8747 20
8748 24
8749 38
8750 35
8751 42
8752 64
8753 43
8754 34
8755 52
8756 36
8757 50
8758 77
8759 80
8760 32
8761 41
8762 53
8763 56
8764 65
8765 57
8766 36
8767 57
8768 42
8769 53
8770 63
8771 67
8772 75
8773 33
8774 68
8775 50
8776 59
8777 23
8778 17
8779 31
8780 37
8781 18
8782 48
8783 25
8784 62
8785 61
8786 41
8787 96
8788 50
8789 78
8790 80
8791 78
8792 41
8793 42
8794 31
8795 37
8796 25
8797 42
8798 47
8799 52
8800 33
8801 45
8802 55
8803 43
8804 52
8805 15
8806 31
8807 17
8808 28
8809 22
8810 22
8811 12
8812 13
8813 22
8814 20
8815 15
8816 32
8817 17
8818 26
8819 44
8820 14
8821 27
8822 16
8823 19
8824 40
8825 36
8826 27
8827 24
8828 49
8829 82
8830 51
8831 63
8832 30
8833 30
8834 39
8835 26
8836 35
8837 37
8838 52
8839 65
8840 54
8841 34
8842 52
8843 72
8844 60
8845 84
8846 75
8847 42
8848 63
8849 43
8850 58
8851 38
8852 19
8853 29
8854 29
8855 18
8856 18
8857 27
8858 24
8859 30
8860 44
8861 57
8862 46
8863 29
8864 65
8865 34
8866 26
8867 26
8868 41
8869 50
8870 31
8871 27
8872 33
8873 25
8874 27
8875 16
8876 20
8877 49
8878 40
8879 26
8880 29
8881 28
8882 30
8883 12
8884 11
8885 15
8886 13
8887 31
8888 28
8889 25
8890 15
8891 29
8892 39
8893 26
8894 21
8895 17
8896 26
8897 19
8898 20
8899 13
8900 19
8901 22
8902 24
8903 45
8904 51
8905 47
8906 25
8907 38
8908 41
8909 34
8910 38
8911 61
8912 60
8913 56
8914 48
8915 92
8916 70
8917 73
8918 112
8919 89
8920 52
8921 60
8922 79
8923 79
8924 60
8925 58
8926 78
8927 75
8928 65
8929 78
8930 126
8931 72
8932 72
8933 112
8934 97
8935 62
8936 39
8937 133
8938 99
8939 50
8940 64
8941 33
8942 18
8943 24
8944 19
8945 34
8946 19
8947 28
8948 29
8949 20
8950 17
8951 25
8952 38
8953 35
8954 28
8955 22
8956 18
8957 16
8958 28
8959 13
8960 29
8961 23
8962 25
8963 26
8964 17
8965 23
8966 23
8967 30
8968 13
8969 17
8970 14
8971 8
8972 17
8973 14
8974 11
8975 15
8976 14
8977 20
8978 36
8979 34
8980 20
8981 18
8982 50
8983 27
8984 14
8985 30
8986 20
8987 30
8988 28
8989 46
8990 45
8991 47
8992 21
8993 48
8994 30
8995 43
8996 66
8997 119
8998 62
8999 54
9000 80
9001 75
9002 52
9003 50
9004 74
9005 171
9006 85
9007 41
9008 54
9009 40
9010 35
9011 63
9012 74
9013 83
9014 54
9015 61
9016 62
9017 48
9018 42
9019 48
9020 125
9021 71
9022 89
9023 52
9024 24
9025 19
9026 35
9027 26
9028 34
9029 65
9030 38
9031 59
9032 37
9033 42
9034 22
9035 90
9036 35
9037 22
9038 12
9039 12
9040 8
9041 18
9042 22
9043 13
9044 7
9045 9
9046 10
9047 24
9048 27
9049 17
9050 41
9051 15
9052 25
9053 11
9054 17
9055 12
9056 26
9057 14
9058 12
9059 14
9060 10
9061 19
9062 32
9063 20
9064 37
9065 44
9066 23
9067 32
9068 23
9069 24
9070 25
9071 45
9072 40
9073 29
9074 25
9075 22
9076 61
9077 62
9078 41
9079 57
9080 33
9081 45
9082 36
9083 28
9084 29
9085 38
9086 37
9087 40
9088 41
9089 40
9090 31
9091 78
9092 80
9093 82
9094 66
9095 48
9096 55
9097 83
9098 49
9099 43
9100 58
9101 54
9102 82
9103 63
9104 59
9105 47
9106 90
9107 37
9108 44
9109 38
9110 22
9111 30
9112 36
9113 59
9114 42
9115 46
9116 31
9117 41
9118 70
9119 54
9120 68
9121 55
9122 45
9123 54
9124 49
9125 37
9126 21
9127 52
9128 50
9129 35
9130 44
9131 60
9132 49
9133 79
9134 37
9135 38
9136 55
9137 45
9138 76
9139 40
9140 74
9141 36
9142 52
9143 50
9144 40
9145 50
9146 45
9147 40
9148 53
9149 23
9150 21
9151 7
9152 11
9153 2
9154 7
9155 9
9156 7
9157 9
9158 8
9159 12
9160 29
9161 17
9162 21
9163 6
9164 20
9165 13
9166 12
9167 7
9168 12
9169 19
9170 16
9171 20
9172 13
9173 6
9174 15
9175 12
9176 8
9177 31
9178 18
9179 28
9180 30
9181 37
9182 31
9183 19
9184 44
9185 35
9186 42
9187 22
9188 23
9189 41
9190 61
9191 40
9192 68
9193 65
9194 49
9195 45
9196 57
9197 85
9198 73
9199 63
9200 38
9201 49
9202 43
9203 47
9204 46
9205 55
9206 61
9207 53
9208 51
9209 32
9210 33
9211 60
9212 56
9213 60
9214 39
9215 36
9216 52
9217 50
9218 71
9219 50
9220 42
9221 49
9222 43
9223 48
9224 23
9225 20
9226 48
9227 51
9228 32
9229 33
9230 25
9231 44
9232 49
9233 47
9234 59
9235 25
9236 39
9237 34
9238 27
9239 47
9240 15
9241 27
9242 25
9243 26
9244 43
9245 42
9246 43
9247 51
9248 58
9249 123
9250 52
9251 41
9252 46
9253 32
9254 41
9255 39
9256 42
9257 38
9258 68
9259 117
9260 48
9261 34
9262 49
9263 69
9264 67
9265 38
9266 55
9267 87
9268 36
9269 36
9270 35
9271 53
9272 52
9273 35
9274 44
9275 29
9276 37
9277 59
9278 26
9279 39
9280 26
9281 46
9282 35
9283 26
9284 20
9285 14
9286 22
9287 33
9288 28
9289 28
9290 21
9291 23
9292 27
9293 18
9294 43
9295 35
9296 15
9297 17
9298 26
9299 17
9300 36
9301 34
9302 57
9303 37
9304 47
9305 41
9306 52
9307 38
9308 50
9309 39
9310 33
9311 20
9312 26
9313 53
9314 41
9315 24
9316 28
9317 33
9318 23
9319 32
9320 6
9321 18
9322 23
9323 34
9324 28
9325 35
9326 14
9327 22
9328 40
9329 37
9330 22
9331 23
9332 31
9333 35
9334 28
9335 19
9336 41
9337 36
9338 64
9339 56
9340 45
9341 46
9342 28
9343 52
9344 56
9345 59
9346 54
9347 83
9348 53
9349 55
9350 45
9351 68
9352 62
9353 73
9354 52
9355 54
9356 63
9357 45
9358 52
9359 21
9360 49
9361 91
9362 90
9363 92
9364 152
9365 55
9366 106
9367 94
9368 93
9369 23
9370 18
9371 22
9372 14
9373 13
9374 9
9375 28
9376 30
9377 43
9378 38
9379 44
9380 81
9381 28
9382 52
9383 47
9384 45
9385 38
9386 40
9387 37
9388 24
9389 33
9390 31
9391 28
9392 56
9393 21
9394 37
9395 87
9396 77
9397 78
9398 83
9399 52
9400 54
9401 75
9402 42
9403 49
9404 59
9405 47
9406 51
9407 51
9408 43
9409 37
9410 35
9411 87
9412 54
9413 52
9414 48
9415 34
9416 47
9417 47
9418 75
9419 50
9420 50
9421 30
9422 20
9423 50
9424 43
9425 41
9426 36
9427 35
9428 44
9429 25
9430 22
9431 30
9432 35
9433 41
9434 14
9435 23
9436 10
9437 8
9438 25
9439 27
9440 25
9441 20
9442 27
9443 39
9444 51
9445 28
9446 32
9447 18
9448 40
9449 36
9450 35
9451 22
9452 36
9453 63
9454 37
9455 47
9456 42
9457 51
9458 81
9459 72
9460 79
9461 57
9462 46
9463 33
9464 51
9465 52
9466 46
9467 82
9468 58
9469 61
9470 44
9471 35
9472 42
9473 20
9474 17
9475 18
9476 24
9477 14
9478 11
9479 27
9480 21
9481 10
9482 18
9483 18
9484 19
9485 26
9486 12
9487 11
9488 9
9489 8
9490 5
9491 3
9492 6
9493 7
9494 14
9495 11
9496 11
9497 14
9498 15
9499 20
9500 27
9501 25
9502 39
9503 27
9504 27
9505 15
9506 23
9507 33
9508 30
9509 29
9510 21
9511 25
9512 31
9513 26
9514 31
9515 34
9516 46
9517 67
9518 69
9519 52
9520 31
9521 55
9522 84
9523 70
9524 73
9525 45
9526 40
9527 55
9528 60
9529 74
9530 61
9531 38
9532 107
9533 97
9534 91
9535 74
9536 76
9537 104
9538 40
9539 48
9540 34
9541 34
9542 46
9543 27
9544 40
9545 40
9546 34
9547 111
9548 132
9549 91
9550 170
9551 69
9552 78
9553 59
9554 46
9555 45
9556 43
9557 31
9558 32
9559 48
9560 37
9561 11
9562 48
9563 56
9564 30
9565 87
9566 36
9567 52
9568 55
9569 30
9570 15
9571 27
9572 20
9573 24
9574 18
9575 17
9576 12
9577 34
9578 22
9579 17
9580 20
9581 11
9582 25
9583 15
9584 16
9585 11
9586 23
9587 26
9588 40
9589 23
9590 26
9591 27
9592 21
9593 19
9594 23
9595 33
9596 35
9597 31
9598 25
9599 41
9600 48
9601 46
9602 42
9603 51
9604 44
9605 75
9606 80
9607 51
9608 59
9609 48
9610 74
9611 72
9612 75
9613 71
9614 84
9615 50
9616 66
9617 68
9618 132
9619 27
9620 53
9621 21
9622 19
9623 33
9624 17
9625 27
9626 13
9627 30
9628 12
9629 30
9630 24
9631 21
9632 21
9633 15
9634 6
9635 9
9636 8
9637 16
9638 8
9639 21
9640 18
9641 18
9642 37
9643 28
9644 30
9645 32
9646 31
9647 17
9648 15
9649 10
9650 16
9651 30
9652 23
9653 25
9654 38
9655 41
9656 46
9657 75
9658 33
9659 63
9660 32
9661 32
9662 43
9663 44
9664 42
9665 56
9666 64
9667 23
9668 45
9669 74
9670 84
9671 59
9672 82
9673 73
9674 86
9675 60
9676 65
9677 55
9678 35
9679 66
9680 28
9681 30
9682 23
9683 42
9684 45
9685 89
9686 45
9687 103
9688 87
9689 108
9690 72
9691 49
9692 43
9693 33
9694 62
9695 33
9696 44
9697 40
9698 75
9699 47
9700 53
9701 26
9702 39
9703 75
9704 56
9705 38
9706 26
9707 29
9708 21
9709 15
9710 19
9711 15
9712 19
9713 41
9714 32
9715 29
9716 23
9717 28
9718 58
9719 36
9720 21
9721 45
9722 21
9723 18
9724 12
9725 15
9726 15
9727 16
9728 34
9729 40
9730 30
9731 34
9732 38
9733 58
9734 26
9735 23
9736 17
9737 11
9738 13
9739 9
9740 20
9741 24
9742 25
9743 50
9744 43
9745 48
9746 54
9747 34
9748 72
9749 38
9750 37
9751 25
9752 41
9753 41
9754 41
9755 49
9756 55
9757 64
9758 66
9759 48
9760 48
9761 81
9762 51
9763 48
9764 35
9765 67
9766 44
9767 74
9768 75
9769 53
9770 55
9771 50
9772 73
9773 58
9774 35
9775 39
9776 57
9777 48
9778 72
9779 38
9780 81
9781 30
9782 28
9783 29
9784 45
9785 45
9786 24
9787 23
9788 25
9789 8
9790 3
9791 12
9792 16
9793 30
9794 11
9795 16
9796 8
9797 20
9798 12
9799 13
9800 12
9801 11
9802 11
9803 14
9804 10
9805 19
9806 26
9807 30
9808 52
9809 24
9810 23
9811 16
9812 30
9813 31
9814 27
9815 34
9816 37
9817 37
9818 50
9819 65
9820 78
9821 43
9822 55
9823 59
9824 49
9825 43
9826 52
9827 27
9828 32
9829 45
9830 83
9831 54
9832 27
9833 40
9834 67
9835 57
9836 31
9837 20
9838 25
9839 18
9840 24
9841 15
9842 19
9843 14
9844 35
9845 53
9846 30
9847 20
9848 26
9849 18
9850 20
9851 22
9852 11
9853 26
9854 17
9855 19
9856 17
9857 16
9858 19
9859 24
9860 46
9861 36
9862 39
9863 30
9864 27
9865 38
9866 33
9867 33
9868 45
9869 32
9870 54
9871 54
9872 48
9873 48
9874 30
9875 59
9876 54
9877 36
9878 32
9879 47
9880 50
9881 41
9882 51
9883 44
9884 27
9885 47
9886 44
9887 60
9888 62
9889 54
9890 67
9891 71
9892 94
9893 83
9894 112
9895 101
9896 91
9897 87
9898 119
9899 88
9900 84
9901 81
9902 126
9903 124
9904 87
9905 113
9906 96
9907 71
9908 112
9909 118
9910 83
9911 66
9912 85
9913 84
9914 113
9915 82
9916 58
9917 59
9918 63
9919 52
9920 62
9921 74
9922 79
9923 63
9924 46
9925 52
9926 58
9927 72
9928 31
9929 51
9930 25
9931 19
9932 7
9933 16
9934 15
9935 27
9936 55
9937 29
9938 20
9939 16
9940 12
9941 11
9942 13
9943 5
9944 4
9945 8
9946 4
9947 12
9948 9
9949 9
9950 27
9951 25
9952 14
9953 14
9954 19
9955 12
9956 8
9957 7
9958 8
9959 14
9960 16
9961 13
9962 22
9963 18
9964 38
9965 48
9966 47
9967 41
9968 32
9969 17
9970 27
9971 24
9972 24
9973 31
9974 42
9975 27
9976 51
9977 59
9978 22
9979 21
9980 32
9981 17
9982 43
9983 25
9984 27
9985 30
9986 18
9987 32
9988 51
9989 58
9990 28
9991 49
9992 48
9993 20
9994 27
9995 23
9996 28
9997 59
9998 42
9999 36
10000 70
10001 37
10002 67
10003 33
10004 90
10005 67
10006 87
10007 50
10008 54
10009 57
10010 56
10011 45
10012 55
10013 34
10014 10
10015 21
10016 25
10017 15
10018 45
10019 80
10020 15
10021 43
10022 47
10023 61
10024 61
10025 78
10026 66
10027 71
10028 55
10029 29
10030 73
10031 47
10032 69
10033 71
10034 37
10035 27
10036 51
10037 27
10038 39
10039 67
10040 45
10041 97
10042 33
10043 23
10044 25
10045 26
10046 43
10047 78
10048 68
10049 25
10050 30
10051 41
10052 41
10053 46
10054 44
10055 70
10056 49
10057 39
10058 35
10059 24
10060 30
10061 39
10062 72
10063 65
10064 37
10065 19
10066 28
10067 17
10068 8
10069 26
10070 35
10071 7
10072 28
10073 14
10074 17
10075 18
10076 27
10077 17
10078 9
10079 8
10080 10
10081 3
10082 7
10083 5
10084 11
10085 14
10086 10
10087 15
10088 11
10089 12
10090 34
10091 16
10092 16
10093 16
10094 9
10095 14
10096 13
10097 11
10098 7
10099 6
10100 3
10101 11
10102 11
10103 25
10104 15
10105 48
10106 23
10107 16
10108 16
10109 19
10110 28
10111 26
10112 32
10113 20
10114 23
10115 20
10116 27
10117 34
10118 43
10119 27
10120 42
10121 29
10122 41
10123 37
10124 41
10125 56
10126 47
10127 45
10128 26
10129 34
10130 38
10131 46
10132 37
10133 59
10134 30
10135 48
10136 61
10137 95
10138 111
10139 99
10140 78
10141 47
10142 65
10143 33
10144 54
10145 20
10146 23
10147 15
10148 26
10149 16
10150 37
10151 62
10152 38
10153 35
10154 76
10155 75
10156 57
10157 84
10158 54
10159 34
10160 21
10161 21
10162 30
10163 63
10164 43
10165 57
10166 61
10167 43
10168 24
10169 35
10170 38
10171 45
10172 83
10173 77
10174 47
10175 49
10176 58
10177 113
10178 74
10179 52
10180 91
10181 65
10182 55
10183 49
10184 65
10185 96
10186 52
10187 137
10188 86
10189 63
10190 78
10191 53
10192 113
10193 62
10194 49
10195 86
10196 49
10197 73
10198 68
10199 108
10200 79
10201 105
10202 142
10203 106
10204 112
10205 89
10206 66
10207 34
10208 29
10209 31
10210 113
10211 56
10212 93
10213 108
10214 62
10215 26
10216 13
10217 32
10218 54
10219 21
10220 44
10221 47
10222 22
10223 21
10224 26
10225 28
10226 16
10227 27
10228 40
10229 27
10230 27
10231 22
10232 30
10233 49
10234 30
10235 42
10236 51
10237 32
10238 26
10239 23
10240 26
10241 21
10242 25
10243 25
10244 29
10245 34
10246 9
10247 22
10248 29
10249 15
10250 32
10251 19
10252 21
10253 32
10254 22
10255 23
10256 21
10257 29
10258 31
10259 18
10260 26
10261 22
10262 31
10263 35
10264 44
10265 66
10266 38
10267 26
10268 26
10269 29
10270 32
10271 35
10272 63
10273 64
10274 33
10275 31
10276 48
10277 58
10278 71
10279 64
10280 36
10281 32
10282 21
10283 37
10284 25
10285 34
10286 34
10287 38
10288 52
10289 58
10290 51
10291 64
10292 78
10293 46
10294 73
10295 129
10296 82
10297 62
10298 63
10299 44
10300 32
10301 55
10302 29
10303 34
10304 42
10305 39
10306 35
10307 38
10308 27
10309 65
10310 45
10311 29
10312 24
10313 41
10314 34
10315 48
10316 28
10317 35
10318 53
10319 53
10320 53
10321 65
10322 40
10323 35
10324 37
10325 43
10326 36
10327 31
10328 25
10329 28
10330 18
10331 15
10332 21
10333 30
10334 14
10335 21
10336 28
10337 32
10338 34
10339 26
10340 15
10341 12
10342 20
10343 19
10344 14
10345 17
10346 17
10347 23
10348 26
10349 6
10350 17
10351 16
10352 12
10353 4
10354 10
10355 12
10356 11
10357 8
10358 10
10359 7
10360 6
10361 10
10362 9
10363 20
10364 15
10365 32
10366 32
10367 29
10368 27
10369 26
10370 31
10371 25
10372 33
10373 29
10374 48
10375 34
10376 45
10377 33
10378 37
10379 32
10380 58
10381 48
10382 22
10383 24
10384 40
10385 48
10386 45
10387 34
10388 43
10389 36
10390 80
10391 43
10392 41
10393 61
10394 32
10395 64
10396 63
10397 68
10398 83
10399 68
10400 53
10401 36
10402 31
10403 29
10404 42
10405 53
10406 27
10407 62
10408 64
10409 58
10410 70
10411 66
10412 50
10413 81
10414 81
10415 39
10416 29
10417 22
10418 11
10419 40
10420 22
10421 13
10422 26
10423 41
10424 42
10425 27
10426 30
10427 21
10428 44
10429 50
10430 30
10431 14
10432 13
10433 13
10434 33
10435 29
10436 19
10437 50
10438 55
10439 43
10440 35
10441 49
10442 48
10443 56
10444 36
10445 28
10446 31
10447 36
10448 33
10449 77
10450 65
10451 51
10452 123
10453 82
10454 72
10455 29
10456 16
10457 27
10458 61
10459 31
10460 35
10461 47
10462 57
10463 50
10464 62
10465 32
10466 56
10467 83
10468 56
10469 61
10470 57
10471 36
10472 65
10473 126
10474 84
10475 64
10476 55
10477 87
10478 60
10479 54
10480 67
10481 116
10482 182
10483 97
10484 102
10485 34
10486 26
10487 35
10488 107
10489 75
10490 124
10491 109
10492 139
10493 150
10494 128
10495 96
10496 52
10497 117
10498 58
10499 46
10500 39
10501 36
10502 88
10503 103
10504 67
10505 53
10506 90
10507 168
10508 124
10509 83
10510 60
10511 24
10512 48
10513 20
10514 19
10515 16
10516 16
10517 27
10518 7
10519 16
10520 16
10521 26
10522 46
10523 70
10524 9
10525 13
10526 7
10527 16
10528 13
10529 8
10530 20
10531 15
10532 16
10533 10
10534 12
10535 12
10536 12
10537 23
10538 25
10539 6
10540 15
10541 21
10542 10
10543 12
10544 13
10545 17
10546 22
10547 13
10548 8
10549 16
10550 22
10551 23
10552 48
10553 48
10554 30
10555 36
10556 53
10557 46
10558 61
10559 53
10560 61
10561 61
10562 54
10563 37
10564 46
10565 44
10566 33
10567 53
10568 82
10569 33
10570 90
10571 58
10572 69
10573 76
10574 72
10575 55
10576 35
10577 39
10578 28
10579 33
10580 42
10581 45
10582 23
10583 25
10584 25
10585 34
10586 26
10587 10
10588 29
10589 17
10590 22
10591 24
10592 8
10593 7
10594 20
10595 19
10596 23
10597 24
10598 28
10599 24
10600 16
10601 16
10602 15
10603 31
10604 10
10605 26
10606 17
10607 13
10608 11
10609 12
10610 32
10611 13
10612 18
10613 24
10614 21
10615 13
10616 20
10617 33
10618 40
10619 47
10620 38
10621 24
10622 29
10623 34
10624 26
10625 59
10626 51
10627 71
10628 43
10629 58
10630 40
10631 32
10632 50
10633 40
10634 81
10635 52
10636 45
10637 55
10638 30
10639 31
10640 47
10641 54
10642 26
10643 23
10644 36
10645 21
10646 14
10647 15
10648 11
10649 35
10650 14
10651 13
10652 17
10653 34
10654 15
10655 12
10656 27
10657 12
10658 17
10659 10
10660 8
10661 11
10662 10
10663 11
10664 29
10665 18
10666 13
10667 22
10668 50
10669 32
10670 32
10671 34
10672 36
10673 40
10674 47
10675 39
10676 34
10677 37
10678 25
10679 64
10680 39
10681 68
10682 65
10683 49
10684 53
10685 70
10686 87
10687 73
10688 47
10689 50
10690 76
10691 61
10692 37
10693 23
10694 22
10695 36
10696 84
10697 59
10698 39
10699 54
10700 94
10701 43
10702 51
10703 45
10704 29
10705 32
10706 31
10707 19
10708 20
10709 16
10710 19
10711 37
10712 13
10713 22
10714 39
10715 35
10716 25
10717 26
10718 28
10719 19
10720 45
10721 28
10722 23
10723 19
10724 26
10725 25
10726 37
10727 61
10728 51
10729 85
10730 58
10731 57
10732 51
10733 37
10734 34
10735 92
10736 64
10737 60
10738 62
10739 67
10740 29
10741 59
10742 60
10743 75
10744 43
10745 36
10746 51
10747 36
10748 61
10749 45
10750 96
10751 98
10752 178
10753 86
10754 32
10755 34
10756 69
10757 66
10758 62
10759 50
10760 70
10761 47
10762 38
10763 50
10764 28
10765 45
10766 35
10767 62
10768 66
10769 36
10770 30
10771 50
10772 37
10773 62
10774 97
10775 86
10776 60
10777 51
10778 36
10779 35
10780 33
10781 50
10782 39
10783 64
10784 40
10785 21
10786 32
10787 19
10788 17
10789 21
10790 33
10791 46
10792 22
10793 16
10794 18
10795 11
10796 28
10797 21
10798 27
10799 37
10800 19
10801 37
10802 21
10803 38
10804 44
10805 31
10806 38
10807 45
10808 28
10809 34
10810 30
10811 25
10812 30
10813 39
10814 46
10815 39
10816 37
10817 30
10818 37
10819 72
10820 97
10821 91
10822 75
10823 66
10824 102
10825 58
10826 95
10827 41
10828 49
10829 44
10830 77
10831 88
10832 64
10833 61
10834 40
10835 116
10836 113
10837 89
10838 91
10839 97
10840 47
10841 79
10842 40
10843 51
10844 61
10845 125
10846 51
10847 34
10848 44
10849 41
10850 35
10851 40
10852 21
10853 22
10854 42
10855 19
10856 74
10857 24
10858 24
10859 27
10860 49
10861 47
10862 12
10863 23
10864 19
10865 10
10866 14
10867 23
10868 23
10869 42
10870 18
10871 37
10872 31
10873 50
10874 14
10875 47
10876 49
10877 33
10878 25
10879 43
10880 30
10881 45
10882 49
10883 48
10884 30
10885 49
10886 59
10887 46
10888 33
10889 23
10890 30
10891 37
10892 27
10893 9
10894 12
10895 24
10896 40
10897 72
10898 40
10899 43
10900 42
10901 41
10902 32
10903 32
10904 38
10905 44
10906 25
10907 43
10908 36
10909 31
10910 52
10911 35
10912 8
10913 18
10914 22
10915 21
10916 18
10917 20
10918 17
10919 18
10920 15
10921 14
10922 20
10923 8
10924 15
10925 10
10926 18
10927 11
10928 26
10929 23
10930 15
10931 32
10932 16
10933 19
10934 32
10935 39
10936 39
10937 57
10938 39
10939 55
10940 27
10941 33
10942 41
10943 44
10944 40
10945 33
10946 21
10947 32
10948 37
10949 52
10950 19
10951 9
10952 11
10953 3
10954 21
10955 9
10956 8
10957 16
10958 19
10959 41
10960 13
10961 20
10962 16
10963 24
10964 16
10965 12
10966 14
10967 17
10968 13
10969 16
10970 20
10971 25
10972 49
10973 24
10974 37
10975 20
10976 35
10977 47
10978 41
10979 11
10980 24
10981 33
10982 37
10983 40
10984 46
10985 73
10986 89
10987 145
10988 66
10989 140
10990 83
10991 145
10992 88
10993 52
10994 30
10995 72
10996 89
10997 126
10998 115
10999 60
11000 69
11001 47
11002 41
11003 23
11004 46
11005 42
11006 22
11007 21
11008 18
11009 6
11010 6
11011 25
11012 46
11013 31
11014 13
11015 20
11016 15
11017 14
11018 9
11019 23
11020 11
11021 15
11022 12
11023 5
11024 7
11025 6
11026 9
11027 17
11028 11
11029 9
11030 15
11031 20
11032 14
11033 11
11034 12
11035 21
11036 25
11037 15
11038 16
11039 15
11040 27
11041 17
11042 33
11043 35
11044 22
11045 36
11046 48
11047 51
11048 52
11049 26
11050 49
11051 59
11052 71
11053 78
11054 88
11055 80
11056 78
11057 54
11058 58
11059 64
11060 95
11061 81
11062 99
11063 109
11064 107
11065 174
11066 132
11067 126
11068 111
11069 149
11070 124
11071 178
11072 127
11073 85
11074 76
11075 127
11076 91
11077 112
11078 111
11079 66
11080 134
11081 67
11082 135
11083 74
11084 94
11085 106
11086 56
11087 28
11088 38
11089 24
11090 60
11091 39
11092 36
11093 51
11094 63
11095 42
11096 26
11097 66
11098 33
11099 23
11100 15
11101 10
11102 20
11103 21
11104 14
11105 27
11106 22
11107 34
11108 25
11109 36
11110 43
11111 31
11112 51
11113 36
11114 19
11115 29
11116 16
11117 42
11118 27
11119 15
11120 46
11121 49
11122 32
11123 15
11124 7
11125 15
11126 15
11127 23
11128 33
11129 16
11130 22
11131 14
11132 27
11133 16
11134 14
11135 55
11136 61
11137 43
11138 14
11139 10
11140 21
11141 28
11142 32
11143 48
11144 24
11145 22
11146 34
11147 47
11148 47
11149 42
11150 48
11151 73
11152 27
11153 29
11154 22
11155 50
11156 34
11157 45
11158 57
11159 34
11160 38
11161 36
11162 37
11163 35
11164 48
11165 37
11166 92
11167 25
11168 27
11169 35
11170 19
11171 13
11172 26
11173 29
11174 17
11175 21
11176 24
11177 30
11178 25
11179 50
11180 24
11181 54
11182 22
11183 21
11184 25
11185 34
11186 19
11187 62
11188 67
11189 23
11190 30
11191 40
11192 26
11193 17
11194 40
11195 25
11196 14
11197 13
11198 19
11199 23
11200 8
11201 21
11202 33
11203 29
11204 18
11205 25
11206 46
11207 35
11208 26
11209 48
11210 46
11211 36
11212 35
11213 46
11214 89
11215 51
11216 65
11217 76
11218 49
11219 50
11220 61
11221 65
11222 59
11223 68
11224 48
11225 65
11226 45
11227 46
11228 40
11229 30
11230 22
11231 33
11232 19
11233 15
11234 24
11235 30
11236 35
11237 30
11238 19
11239 19
11240 19
11241 24
11242 6
11243 7
11244 13
11245 6
11246 13
11247 5
11248 9
11249 17
11250 16
11251 20
11252 19
11253 20
11254 21
11255 25
11256 27
11257 26
11258 18
11259 27
11260 23
11261 44
11262 27
11263 40
11264 40
11265 27
11266 68
11267 47
11268 48
11269 48
11270 35
11271 46
11272 39
11273 34
11274 50
11275 69
11276 40
11277 72
11278 95
11279 77
11280 74
11281 72
11282 62
11283 116
11284 70
11285 85
11286 60
11287 56
11288 34
11289 38
11290 48
11291 56
11292 25
11293 63
11294 30
11295 47
11296 55
11297 26
11298 45
11299 28
11300 35
11301 23
11302 18
11303 15
11304 10
11305 6
11306 11
11307 13
11308 15
11309 16
11310 8
11311 25
11312 17
11313 30
11314 33
11315 43
11316 51
11317 55
11318 26
11319 19
11320 31
11321 48
11322 45
11323 36
11324 41
11325 48
11326 60
11327 29
11328 48
11329 51
11330 57
11331 53
11332 70
11333 22
11334 35
11335 61
11336 25
11337 36
11338 52
11339 57
11340 106
11341 82
11342 28
11343 54
11344 61
11345 54
11346 63
11347 76
11348 59
11349 88
11350 36
11351 63
11352 39
11353 48
11354 120
11355 117
11356 24
11357 34
11358 39
11359 55
11360 8
11361 45
11362 69
11363 36
11364 46
11365 39
11366 49
11367 28
11368 60
11369 53
11370 29
11371 25
11372 40
11373 19
11374 23
11375 8
11376 9
11377 23
11378 20
11379 22
11380 20
11381 39
11382 24
11383 19
11384 31
11385 14
11386 13
11387 11
11388 6
11389 16
11390 4
11391 12
11392 20
11393 20
11394 21
11395 23
11396 31
11397 35
11398 27
11399 62
11400 41
11401 28
11402 29
11403 13
11404 53
11405 39
11406 42
11407 49
11408 44
11409 45
11410 45
11411 61
11412 72
11413 68
11414 68
11415 108
11416 105
11417 77
11418 52
11419 119
11420 90
11421 42
11422 56
11423 86
11424 63
11425 88
11426 111
11427 63
11428 85
11429 58
11430 80
11431 30
11432 32
11433 31
11434 63
11435 60
11436 36
11437 38
11438 29
11439 20
11440 22
11441 57
11442 44
11443 23
11444 11
11445 20
11446 22
11447 40
11448 14
11449 13
11450 19
11451 21
11452 33
11453 19
11454 18
11455 14
11456 22
11457 39
11458 21
11459 17
11460 10
11461 42
11462 37
11463 14
11464 26
11465 28
11466 25
11467 37
11468 25
11469 27
11470 24
11471 34
11472 42
11473 37
11474 43
11475 39
11476 40
11477 46
11478 45
11479 77
11480 59
11481 32
11482 22
11483 13
11484 35
11485 19
11486 24
11487 40
11488 50
11489 58
11490 48
11491 51
11492 53
11493 61
11494 112
11495 60
11496 30
11497 32
11498 32
11499 17
11500 20
11501 24
11502 45
11503 61
11504 101
11505 75
11506 76
11507 40
11508 88
11509 83
11510 49
11511 33
11512 47
11513 27
11514 35
11515 55
11516 29
11517 31
11518 25
11519 75
11520 71
11521 37
11522 16
11523 33
11524 18
11525 18
11526 13
11527 22
11528 19
11529 18
11530 55
11531 26
11532 24
11533 14
11534 89
11535 54
11536 50
11537 31
11538 19
11539 22
11540 26
11541 33
11542 38
11543 16
11544 9
11545 27
11546 36
11547 27
11548 27
11549 68
11550 58
11551 62
11552 42
11553 22
11554 29
11555 53
11556 35
11557 23
11558 22
11559 12
11560 35
11561 46
11562 73
11563 88
11564 112
11565 84
11566 94
11567 57
11568 37
11569 40
11570 71
11571 18
11572 13
11573 14
11574 12
11575 34
11576 28
11577 40
11578 44
11579 32
11580 19
11581 25
11582 16
11583 28
11584 50
11585 50
11586 25
11587 21
11588 30
11589 26
11590 35
11591 34
11592 22
11593 35
11594 39
11595 30
11596 25
11597 35
11598 37
11599 47
11600 75
11601 52
11602 44
11603 24
11604 39
11605 67
11606 52
11607 54
11608 73
11609 57
11610 57
11611 57
11612 51
11613 40
11614 47
11615 38
11616 24
11617 51
11618 34
11619 36
11620 37
11621 20
11622 29
11623 34
11624 33
11625 21
11626 44
11627 10
11628 15
11629 25
11630 38
11631 15
11632 34
11633 16
11634 23
11635 24
11636 29
11637 24
11638 29
11639 55
11640 47
11641 36
11642 31
11643 42
11644 54
11645 33
11646 22
11647 54
11648 59
11649 68
11650 68
11651 56
11652 59
11653 43
11654 42
11655 59
11656 87
11657 95
11658 88
11659 86
11660 33
11661 20
11662 92
11663 59
11664 71
11665 70
11666 41
11667 31
11668 25
11669 6
11670 11
11671 14
11672 26
11673 26
11674 28
11675 32
11676 14
11677 27
11678 24
11679 14
11680 17
11681 18
11682 15
11683 10
11684 13
11685 9
11686 19
11687 22
11688 31
11689 39
11690 32
11691 34
11692 63
11693 42
11694 47
11695 47
11696 55
11697 35
11698 72
11699 41
11700 33
11701 27
11702 38
11703 65
11704 46
11705 65
11706 49
11707 28
11708 27
11709 31
11710 46
11711 58
11712 50
11713 43
11714 56
11715 26
11716 16
11717 34
11718 24
11719 27
11720 20
11721 48
11722 44
11723 49
11724 62
11725 48
11726 77
11727 58
11728 67
11729 78
11730 35
11731 40
11732 110
11733 85
11734 66
11735 65
11736 89
11737 71
11738 71
11739 71
11740 66
11741 61
11742 36
11743 36
11744 37
11745 15
11746 21
11747 65
11748 59
11749 23
11750 19
11751 18
11752 14
11753 11
11754 16
11755 14
11756 10
11757 16
11758 9
11759 15
11760 11
11761 9
11762 11
11763 23
11764 13
11765 17
11766 9
11767 16
11768 3
11769 22
11770 9
11771 14
11772 11
11773 24
11774 35
11775 27
11776 36
11777 22
11778 50
11779 25
11780 28
11781 27
11782 33
11783 26
11784 47
11785 43
11786 46
11787 61
11788 28
11789 56
11790 74
11791 53
11792 50
11793 125
11794 77
11795 107
11796 65
11797 95
11798 119
11799 109
11800 85
11801 57
11802 30
11803 40
11804 70
11805 107
11806 55
11807 44
11808 52
11809 55
11810 54
11811 33
11812 42
11813 67
11814 32
11815 27
11816 25
11817 27
11818 17
11819 25
11820 32
11821 21
11822 11
11823 17
11824 21
11825 9
11826 13
11827 19
11828 30
11829 36
11830 16
11831 14
11832 13
11833 12
11834 19
11835 21
11836 9
11837 12
11838 8
11839 17
11840 17
11841 12
11842 18
11843 17
11844 17
11845 15
11846 21
11847 13
11848 19
11849 14
11850 26
11851 28
11852 28
11853 35
11854 42
11855 39
11856 55
11857 62
11858 53
11859 32
11860 33
11861 53
11862 35
11863 25
11864 17
11865 56
11866 49
11867 42
11868 36
11869 39
11870 30
11871 47
11872 40
11873 39
11874 26
11875 31
11876 29
11877 46
11878 61
11879 33
11880 126
11881 113
11882 56
11883 79
11884 72
11885 72
11886 133
11887 127
11888 86
11889 55
11890 88
11891 53
11892 82
11893 51
11894 72
11895 62
11896 96
11897 79
11898 78
11899 59
11900 69
11901 57
11902 119
11903 76
11904 62
11905 67
11906 63
11907 44
11908 53
11909 74
11910 41
11911 62
11912 58
11913 56
11914 37
11915 63
11916 44
11917 24
11918 26
11919 25
11920 13
11921 20
11922 18
11923 14
11924 42
11925 45
11926 39
11927 24
11928 36
11929 14
11930 28
11931 33
11932 25
11933 13
11934 19
11935 11
11936 30
11937 17
11938 26
11939 31
11940 23
11941 45
11942 39
11943 40
11944 20
11945 30
11946 27
11947 16
11948 26
11949 43
11950 22
11951 20
11952 20
11953 34
11954 33
11955 34
11956 50
11957 56
11958 18
11959 20
11960 20
11961 16
11962 15
11963 10
11964 22
11965 16
11966 27
11967 26
11968 44
11969 40
11970 33
11971 51
11972 22
11973 24
11974 24
11975 29
11976 28
11977 28
11978 15
11979 34
11980 26
11981 29
11982 55
11983 63
11984 48
11985 60
11986 36
11987 28
11988 46
11989 58
11990 35
11991 40
11992 38
11993 49
11994 66
11995 97
11996 72
11997 92
11998 161
11999 128
